001224.01-102226.5 0.2288 0651 072 52141 -1952 119  -638
001247.93-084700.5 0.2203 0652 326 52138  -176  39   283
001257.25+011527.3 0.5047 0389 379 51795   717 162   753
002043.58+141249.4 0.5880 0753 253 52233   379  65   375
002141.01+003841.7 0.3072 0390 531 51900  1290  90  1217
002233.27-003448.5 0.5046 0390 157 51900  -159  32  -176
002332.34-011444.2 0.4837 0688 089 52203  -578 120  -739
003723.49+000812.5 0.2519 0392 520 51793  -237  61   314
003943.19+072705.1 0.5940 2327 112 53710 -2078 236 -1671
004712.57-084330.8 0.4460 0656 450 52148  -113  33  -132
005118.28+135448.1 0.1377 0420 248 51871   130  28   155
005205.56+003538.1 0.3997 1132 510 52903   305  30   297
010113.03-092742.1 0.3574 0658 548 52146   206  66   201
010559.51+154957.9 0.5142 0422 336 51811  -230  32  -387
010644.15-103410.5 0.4679 0659 209 52199   212  30   336
011110.04-101631.8 0.1800 0659 111 52199  -601  60  -874
012331.39+305228.7 0.6553 2061 019 53711   687  74   915
012959.89-093929.2 0.3590 0661 633 52163  -689  90  -438
014219.00+132746.5 0.2670 0429 303 51820   859  90   956
015355.58+003218.2 0.4530 1505 347 52941  -140  30  -163
020011.52-093126.1 0.3603 0666 187 52149   606 121   590
020429.84-004042.4 0.4414 0404 190 51812  -656  92  -559
021318.29+130643.9 0.4077 0428 108 51883   533 106   541
022113.14+010102.9 0.3539 0406 374 51869  3060  90  1964
023129.50+263619.7 0.5073 2399 434 53764   658 171   627
024546.10-085842.0 0.1484 0456 133 51910   169  49   178
024646.74-001220.6 0.5640 1511 197 52946   366 120   391
025951.32+003745.5 0.4711 1067 397 52616  -247  30  -134
030555.41+002153.1 0.4023 0803 336 52318   195  60   400
031949.72-065459.2 0.7142 0460 425 51924   558  90   796
031959.41-072048.2 0.7044 0460 228 51924  -590 153  -558
032213.89+005513.4 0.1854 0414 341 51901  -291  30  -197
032838.28-000341.6 0.3037 1517 306 52934   631 145   657
052606.08+630257.5 0.5127 2302 365 53709  -248  60  -292
072818.56+363310.6 0.5247 2073 474 53728   395  61   515
073413.90+321722.8 0.3344 0541 225 51959  -128  30  -117
073915.35+401445.7 0.2925 0432 382 51884  -693 149  -652
074343.59+202333.8 0.7042 1263 255 52708  -417  60  -491
074541.66+314256.6 0.4616 0755 046 52235  -775  89  2331
074618.94+194900.6 0.2630 1263 075 52708  -134  41  -197
074819.04+335310.9 0.2809 0756 225 52577  -381  60  -305
074829.91+334613.9 0.3302 0756 226 52577   162  52   205
074906.50+451033.8 0.1923 1736 620 53052   156  30   582
074948.26+345444.0 0.1320 0542 560 51993   312  30   272
075112.18+174351.7 0.1865 1920 157 53314  -118  30  -267
075409.86+291035.0 0.3405 1060 056 52636  -288  55  -288
075526.32+343825.2 0.6551 1150 109 52644  -225  30  -124
075751.04+150918.6 0.6123 2266 384 53679  -385 121  -375
075819.69+421935.1 0.2116 0437 222 51869  -185  30  -112
080202.78+101943.1 0.2050 2419 376 54139   157  30   182
080359.23+433258.3 0.4489 0437 534 51869   320  46   337
080559.94+260602.3 0.1367 1205 493 52670  -333  33  -319
080915.51+480409.6 0.4169 0438 570 51884   434  63   458
081010.98+201421.1 0.7309 1924 139 53330  -583  61  -266
081012.58+203646.3 0.6379 1924 140 53330  -558 153  -467
081032.72+565105.2 0.2760 1872 436 53386  1579 150   618
081037.12+120557.6 0.4212 2420 433 54086  -280  83  -254
081058.99+413402.7 0.5065 0546 132 52205   862 152   701
081059.78+300405.4 0.1621 0930 401 52618   250  30   206
081250.86+360039.9 0.6608 0892 551 52378   716 170   866
081441.91+212918.5 0.1626 1925 441 53327   159  31   118
081619.46+113919.1 0.3607 2420 061 54086   297  90   353
081936.68+204248.4 0.6686 1927 285 53321   525 141   627
082034.40+485156.5 0.5133 0443 299 51873  -237  62  -203
082753.69+521758.3 0.3376 0444 300 51883   622 153   763
082802.14+514930.6 0.3555 0442 572 51882   416  63   606
082930.59+272822.7 0.3211 1267 066 52932  1117  61  1487
082937.45+255635.6 0.4822 1586 131 52945   577 168   735
082942.94+283521.5 0.2931 1267 578 52932   434  93   479
083022.15+065629.0 0.3994 1297 439 52963   185  60   446
083132.59+521142.6 0.3952 0444 245 51883  -796 171  -585
083314.53+274823.3 0.7772 1267 631 52932   253  46   211
083450.97+095048.4 0.6557 2572 609 54056  1139 121  1349
083456.14+301219.2 0.5061 1208 016 52672  -666 150  -649
083949.65+092502.2 0.6859 1759 447 53081  -653 138  -715
084047.58+131223.5 0.6802 2426 625 53795   671 122   557
084716.03+373218.0 0.4534 0865 094 52323   432  44   433
084957.78+274729.0 0.2995 1932 420 53350  -459  92  -502
085237.01+200410.9 0.4615 2280 062 53680   458  67   700
085508.30+175329.4 0.3583 2283 243 53729  -376  38  -366
085559.00+005745.4 0.4554 0469 238 51913  -679  93  -598
085817.31+323202.2 0.5595 1272 296 52989   946 153   516
090012.97+035007.8 0.4499 0565 613 52225  -237  30  -207
090103.21+155238.7 0.6360 2432 101 54052  -518 133  -660
090340.99+391709.8 0.5766 1198 040 52669   736 201   757
090429.01+422659.4 0.2259 0831 169 52294 -1308  90  -548
090549.22+270558.8 0.5511 1935 432 53387   229  60   294
090759.34+135135.0 0.4549 2434 093 53826  -476  30  -312
090820.56+083513.3 0.3579 1300 585 52973  -296  31  -312
090840.70+132117.3 0.4583 2436 292 54054  -230  30  -460
090924.67+521632.6 0.4103 0553 157 51999  1095 301  1996
091247.79+285406.1 0.1814 1936 059 53330   359  64   298
091312.65+574732.0 0.3413 0484 093 51907   351 102   379
091833.82+315621.1 0.4520 1592 139 52990  3100 136  2916
091850.87+414448.3 0.4293 1201 057 52674   616 146   602
091858.15+232555.4 0.6901 2290 407 53727   222 300  1281
091930.31+110854.0 0.3688 1740 399 53050  1393 330  1149
091941.13+534551.0 0.5622 0554 477 52000  2010 346   131
092019.08+395219.6 0.2232 0938 159 52708 -1810 209 -2075
092116.12+383537.6 0.1871 1214 293 52731 -1385  32  -845
092411.40+633748.5 0.3538 1787 511 54465   211  31   182
092441.08-001729.6 0.7070 0474 167 52000  -501  60  -477
092459.28+252739.7 0.2682 2291 604 53714   617 157   580
092533.73+081651.9 0.5011 1302 070 52763  -662 166  -639
092548.59+344809.1 0.5409 1274 048 52995   236  55   314
092654.83+291837.7 0.4478 1939 197 53389  -471  64  -336
092703.01+390220.8 0.6952 1214 497 52731   964  52  1664
092712.64+294344.0 0.7130 1939 467 53389   797  60  1200
092837.98+602521.0 0.2959 0485 506 51909  -796 149  -759
092933.96+503025.3 0.5606 0767 054 52252   529  91   538
093033.60+233337.0 0.3780 2293 484 53730  -354  31  -200
093200.07+553347.4 0.2665 0556 295 51991  -536  64  -771
093203.97+614051.6 0.3592 0486 355 51910  -549 101  -332
093249.74+215041.7 0.7157 2292 353 53713  -547  87  -607
093305.19+343621.6 0.6157 1594 291 52992  -323  30  -335
093518.19+020415.5 0.6499 0477 392 52026   660 120  1348
093529.39+193757.8 0.5018 2361 438 53762   396  60   496
093653.84+533126.8 0.2278 0768 473 52281  2391  30  1186
093706.85+170021.5 0.5057 2369 202 53733   466  31   322
093826.21+022038.3 0.4404 0477 463 52026   465 120   440
093833.94+225031.6 0.4328 2292 448 53713  -349  92  -325
094121.61+265839.0 0.5236 2297 488 53738  -906 161  -504
094257.11+582648.0 0.7109 0452 624 51911  -279  60  -273
094337.86+363420.9 0.4006 1595 351 52999  -403  60  -389
094424.80+640846.7 0.4528 1788 179 54468   443  62   451
094603.94+013923.6 0.2199 0480 480 51989  1679  60  1239
094953.60+472351.1 0.3964 1005 099 52703  -290  60  -203
095036.75+512838.1 0.2146 0902 498 52409 -1397 119 -1157
095207.62+255257.2 0.3399 2341 523 53738  -373  59  -350
095223.70+441135.1 0.6172 0942 315 52703  -636  60  -493
100020.28+115703.5 0.4752 1744 262 53055 -1321 186 -1201
100157.98+581646.6 0.2887 0558 537 52317   237  66   350
100535.62+325125.5 0.3016 1952 366 53378 -1040  90  -597
100819.88+454004.8 0.3375 0943 494 52376   207  60   223
100823.63+353841.8 0.3508 1951 518 53389  -293  30  -155
101000.54+074235.5 0.4787 1237 298 52762 -2193 238 -2193
101322.77+214609.9 0.5679 2365 278 53739   660 180  1096
101331.57+052620.0 0.4232 0996 016 52641   285  60   312
101331.59+551737.9 0.3952 0946 220 52407   238  60   266
101438.27+031211.0 0.4993 0574 212 52355  1038 170   765
101600.25+130547.3 0.4844 1745 548 53061  -256  32  -309
101719.02+151620.8 0.2463 2588 521 54174  -654  60 -1051
101825.45+380532.7 0.3868 1427 194 52996   233  60   789
101846.16+195140.6 0.4112 2374 476 53765  -317  30  -390
101858.54+343632.3 0.1098 1955 507 53442  -344  89  -336
101950.33+343753.9 0.3347 1954 027 53357   300  60   581
102008.94+441543.1 0.6381 1358 416 52994  -852 179  -862
102025.83+413342.3 0.3613 1359 381 53002   391  42   413
102106.04+452331.8 0.3639 0944 146 52614  1377 221   758
102111.08+285612.5 0.8051 2351 180 53772  -365  89  -358
102348.10+081023.6 0.4426 1239 294 52760   253  60   309
102444.80+191220.3 0.8275 2374 040 53765   683 103   693
102803.56+222923.8 0.4267 2366 589 53741   144  30   149
102847.00+391800.4 0.4729 1428 558 52998   375  93   333
103024.95+551622.7 0.4348 0905 404 52643   158  32   205
103040.18+604626.4 0.2523 0560 366 52296   549 120   495
103044.35+564318.4 0.3594 0947 177 52411  -307  36  -577
103059.09+310255.7 0.1781 1959 066 53440    25 119   642
103110.06+633245.9 0.4279 0772 530 52375   325  61   406
103817.81+001844.2 0.2570 0274 388 51913  -184  30  -110
103901.88+421543.7 0.4664 1361 474 53047  -249  60  -280
104044.70+434348.3 0.7752 2567 036 54179  -303  91  -338
104111.97+282805.0 0.2114 2356 575 53786  -263  32  -158
104404.38+654132.3 0.5145 0489 548 51930   449  60   183
104448.81+073928.6 0.2307 1000 618 52643  -653 164  -571
104535.08+034123.1 0.3541 0578 044 52339   391  84   449
104659.59+405054.1 0.4510 1433 534 53035   546  60   340
104713.94+451944.1 0.4890 1434 465 53053   781 241   794
104903.33+444358.4 0.3625 1434 170 53053  -739 120  -399
105041.35+345631.3 0.2722 2025 603 53431 -3629  59 -3537
105235.34+484005.9 0.4764 0963 415 52643   339  63   461
105237.24+240627.3 0.3981 2481 532 54086   507  90   921
105348.56+515713.6 0.3270 1010 001 52649  -220  60  -224
105625.27+163621.0 0.5058 2487 356 53852  -820  60  -518
105632.01+430055.9 0.3182 1362 536 53050  -202  30  -207
105648.18+370450.3 0.3895 2007 075 53474  -726  90  -449
105935.75-000551.2 0.2831 0277 277 51908  -354  35  -160
105958.82+251708.8 0.6628 2357 117 53793  -370  92  -356
110024.95+535903.3 0.6253 1011 497 52652   459 131   552
110036.22+251408.1 0.3218 2357 017 53793  -193  60  -193
110050.99+170934.2 0.3476 2485 188 54176  1541  33  1502
110153.45+624150.6 0.6644 2882 010 54498   910 142   932
110715.04+162802.2 0.6305 2491 252 53855   458  90   961
110740.09+202333.4 0.6249 2488 020 54149  -438  97  -415
110741.71+052616.1 0.6121 0581 498 52356   527 149   559
110831.97+541148.1 0.4656 1012 388 52649   291  92   362
111126.95+202038.0 0.4447 2492 219 54178   976 225  1075
111144.57+161318.5 0.4326 2491 124 53855   224  60   242
111221.82+003028.6 0.5235 0279 343 51984   811 153   798
111230.89+181311.4 0.1952 2490 009 54179   876 270  1016
111320.62+641053.5 0.5723 0596 483 52370  -621 194  -586
111514.51+420451.7 0.4765 1439 577 53003   233  60   236
111740.48+530151.2 0.1587 1012 058 52649  -336  30  -169
112007.43+423551.3 0.2271 1365 261 53062  -713  89  -434
112014.85+063341.1 0.3161 1617 056 53112  -136  29  -146
112347.28+022224.5 0.7541 0512 356 51992   879 282   893
112403.37+042829.0 0.1508 0836 153 52376   213  31   119
112518.70+295131.8 0.3543 2217 469 53794   330  61   398
112703.53+612349.4 0.7581 0775 080 52295  2814  77  2699
112837.89+123643.5 0.3221 1606 488 53055  -812  90  -324
112933.19+261218.8 0.4286 2219 293 53816   421  91   419
113011.69+055744.1 0.4442 0837 373 52642   434  81   449
113235.86-012848.5 0.4419 0327 380 52294   481 110   530
113258.97+244511.4 0.4283 2505 322 53856   811 260   887
113342.78+353135.4 0.2026 2012 287 53493  -167  30  -119
113624.02+173151.7 0.2982 2503 555 53856  -489  91  -398
113640.90+573839.9 0.1482 1309 620 52762  -256  62   756
113706.93+481943.6 0.2201 1444 321 53054 -1228 149 -1335
113707.27+464505.5 0.5662 1444 274 53054   526 154   547
113710.95+103642.8 0.2775 1224 414 52765   521 120   603
113854.14+652109.7 0.4128 0597 566 52059   279  37   232
113908.26+123322.5 0.5821 1607 558 53083   634 152   706
113918.14+314302.4 0.4635 2008 258 53473  -595 149  -526
114105.82+135524.7 0.2446 1755 002 53386  -241  30  -240
114219.44+360923.8 0.4619 2012 531 53493  4029 667  2067
114420.31+113500.8 0.2721 1608 160 53138  -715  31  -431
114537.77+052225.0 0.3131 0839 494 52373 -1804 327 -2687
114933.87+222227.0 0.5549 2513 355 54141  -576 161  -560
115449.42+013443.5 0.4695 0515 099 52051 -4077  59 -2400
115941.26+545005.5 0.3471 1018 276 52672  -241  59  -196
115947.08+204907.2 0.2990 2608 379 54474   210  60   217
120329.84+480313.5 0.8168 1449 439 53116   397  45   405
120411.80+135012.3 0.2995 1764 208 53467  -465  90  -290
120822.44+524013.4 0.4323 0882 628 52370   229  30   269
120841.79+025540.8 0.3800 0517 559 52024   261  30   274
120950.85+554113.1 0.3394 1018 580 52672  -561  81  -539
121007.05+574423.4 0.3003 1314 512 53050  -324  30  -340
121517.72+254628.3 0.5380 2657 418 54502   506 156   517
121522.77+414620.9 0.1955 1450 141 53120  4133 121  2964
121608.14+390245.7 0.3348 2001 472 53493  -504 136  -493
121830.84+183458.2 0.1979 2610 043 54476  -264  21  -326
121932.00+614132.4 0.3708 0780 290 52370   132  25   128
122018.43+064119.6 0.2867 1626 292 53472   -44 324  1201
122349.30+021449.1 0.4085 0519 178 52283   963 241   965
122450.55+100545.4 0.1680 1231 479 52725   418  66   350
122811.89+514622.8 0.3210 0884 133 52374   908 120   842
123045.55+064453.5 0.5089 1627 126 53473   635 178   669
123147.11+123835.3 0.2919 1616 351 53169  -985  89  -521
123209.68+005015.4 0.4769 0290 329 51941  -514  60  -484
123514.64+034108.1 0.7927 0520 606 52288  -248  30  -105
123550.26+180242.8 0.2535 2599 478 54234   322  38   400
123658.17+050525.1 0.5407 0846 395 52407  -384  90  -459
124054.50+074528.8 0.3298 1628 632 53474   150  30   377
124334.94+340651.6 0.6641 2020 021 53431  -294  61  -262
124355.79-070856.6 0.3942 2707 457 54144   553 142   565
124456.24-013933.8 0.4922 0336 441 51999   322  89   359
124616.19+465552.8 0.4339 1455 119 53089   419 113   478
124626.80+510802.8 0.3921 0886 288 52381   410  31   313
124802.28+475720.4 0.4283 1455 545 53089   972 210   754
124956.88+041329.6 0.7488 0847 105 52426   387  95   399
125001.99+175302.3 0.7203 2601 515 54144  -616 148  -745
125338.10+323450.9 0.5114 1994 381 53845   490 154   634
125615.80+435312.7 0.7724 1374 308 53083   460 150   521
130206.39+630124.8 0.3571 0783 379 52325   183  31   122
130524.85+221913.8 0.4897 2650 492 54505   562 180   602
130534.49+181932.8 0.1178 2603 443 54479  1152 180   766
130712.33+340622.5 0.1481 2006 628 53476  -599  30  -243
130749.63+350140.3 0.3000 2016 216 53799   313  40   548
131007.84+090751.1 0.5050 1796 104 53884  -385  59  -233
131321.91+184133.8 0.5873 2617 003 54502  -394  82  -302
131732.14+110651.9 0.3163 1697 009 53142  -103  30  -126
132358.10+235726.0 0.3939 2664 147 54524   759 161  1008
132643.62+015209.3 0.1969 0527 229 52342   290  30   148
133058.49+112648.0 0.6794 1699 113 53148  -934 209  -752
133451.24+011216.2 0.4162 0528 202 52022   374  90   325
133612.54+062933.6 0.4300 1801 095 54156   754 248   951
133817.69+343217.5 0.4031 1993 034 53762   377 121   544
133930.20+195647.6 0.5365 2654 247 54231  -510  91  -357
134104.40+671337.1 0.5509 0497 419 51989   652 215   685
134113.93-005315.0 0.2370 0299 133 51671  1317 331  1254
134223.84+575747.6 0.4188 0960 069 52425  -189  31  -242
134420.87+663717.5 0.1278 0497 466 51989   189  30   202
134548.50+114443.5 0.1264 1701 200 53142   -15  83   435
134755.16+602451.0 0.6528 0787 348 52320   424  92   634
134847.42+163408.6 0.8104 2742 493 54233  -424  98  -412
134928.26+162714.6 0.4609 2742 543 54233   668 185   808
135432.46+205307.6 0.3952 2770 399 54510  -505  92  -476
135719.47+394045.3 0.2655 1378 158 53061  -919  59  -662
135800.40+404358.1 0.5454 1378 527 53061  -769  94  -717
140033.66+154432.0 0.2152 2743 026 54259   364  60   309
140158.54+120055.7 0.3817 1703 430 53799   412  90   337
140827.51+142233.1 0.3184 1704 562 53178  -182  30  -186
141116.72+194440.0 0.2382 2772 231 54529   644  31   879
141119.71+652813.5 0.3569 0498 555 51984  -315  91  -288
141239.23+093048.3 0.2847 1810 439 53794   225  62   187
141300.53+401624.5 0.3634 1347 086 52823  1023 311  1057
141505.91+044546.1 0.2413 0583 497 52055   361 119   406
142145.91+351839.4 0.8251 1644 221 53144  -408  64  -457
142314.18+505537.2 0.2762 1045 072 52725  -290  59  -212
142934.17+444748.9 0.2080 1288 236 52731  -503 149  -758
143131.42+502102.4 0.6288 1046 463 52460  -210  35  -216
143335.68+350133.1 0.6198 1645 474 53172  -578 159  -611
143537.29+415359.8 0.5792 1396 227 53112   247  61   414
143612.41+283355.2 0.3459 2137 378 54206  -288  59  -236
143736.40+615509.8 0.5536 0607 581 52368  -467  30  -226
143943.25+281548.8 0.3864 2137 501 54206  -370  74  -258
144442.86+415001.6 0.4745 1397 327 53119  -338  87  -440
144645.45+625304.0 0.3511 0609 428 52339   375  98   397
144818.02+455916.2 0.8193 1675 106 53466  -903 145  -892
144921.45+041652.9 0.4493 0587 624 52026  -335  70  -217
145004.93+310210.0 0.4579 1843 399 53816  -345  60  -193
145022.73+102555.4 0.7892 1713 500 53827   780 187  1462
145031.36+232114.1 0.3348 2144 492 53770  -407  31  -110
145104.67+045327.9 0.6197 0588 366 52045   617 181   591
145150.29+115347.4 0.4277 1714 499 53521   196  58   202
145215.59+430448.7 0.2961 1290 390 52734   572 175   556
145359.72+091543.3 0.2789 1713 019 53827   767 214   808
145433.44+611702.3 0.2814 0611 341 52055  -174  30  -299
145535.46+185900.5 0.7335 2778 414 54539   587 121  1763
145546.63+361414.7 0.5196 1384 330 53121  1236 209  1339
145612.04+380425.3 0.5320 1351 493 52790   541 115   573
145818.78+151057.9 0.5872 2764 053 54535   200  64   363
145824.46+363119.5 0.2470 1351 088 52790  -339  30  -333
145940.14+361010.0 0.4781 1384 441 53121  -909 179  -757
145958.43+333701.7 0.6445 1647 628 53531   536 152  1160
150213.46+113830.0 0.3988 1716 532 53827  -275  30  -313
150431.29+474151.2 0.8235 1049 541 52751   594 110   599
150528.11+585120.5 0.4431 0610 554 52056  -738 150  -601
150924.97+411312.0 0.3435 1292 343 52736  -197  32  -114
151008.27+250902.1 0.3475 2155 379 53820  -389  60  -306
151131.33+502218.9 0.2199 1165 202 52703   917  68   783
151237.05+012844.8 0.2664 0540 068 51996  -560 124  -551
151351.50+262358.1 0.2029 2157 195 54242   724  42   551
151352.56+493430.2 0.4086 1330 441 52822  -229  60  -362
151832.85+515456.7 0.3715 1165 624 52703  -335  33  -320
151847.70+061259.0 0.4993 1833 629 54561   332  39   342
151923.68+232238.0 0.3133 2158 465 54209  -209  48  -184
151926.68+433915.2 0.5483 1678 420 53433   315  90   604
151940.87+320157.9 0.3016 1386 082 53116   221  33   359
152005.89-003803.5 0.3966 0924 369 52409   279  61   294
152104.49+151430.6 0.6475 2781 299 54266  1059 320  1081
152123.23+092634.3 0.3206 1721 373 53857  -263  45  -144
152504.63+464006.2 0.2963 1331 081 52766  -233  59  -196
152745.61+215725.7 0.4310 2161 107 53878  -415  60  -904
152753.80+061018.9 0.1743 1819 140 54540   100  30   290
152809.55-000044.9 0.6057 0313 066 51673  -222  60  -193
153533.21+065832.9 0.2978 1820 504 54208  -513  59  -267
153641.66+543505.5 0.4471 0616 442 52374   737 109   950
153848.47+101843.3 0.2343 1725 364 54266   270  47   206
153850.81+132523.1 0.4021 2517 313 54567  -443  89  -476
154341.64+385319.3 0.4322 1680 137 53171   872 270   942
154644.19+302611.0 0.5368 1390 363 53142   677 109   768
154833.02+442226.0 0.3215 1333 101 52782  -384  30  -385
155018.55+570758.0 0.3557 0617 606 52072   242  77   474
155221.70+220454.7 0.4302 2171 400 53557   507 165   522
155355.19+065157.4 0.7385 1727 099 53859  1234 360  1258
155742.23+105615.6 0.5090 2523 438 54572  -292  94  -420
160049.74+165853.3 0.4540 2199 202 53556  -445  99  -345
160244.48+022142.7 0.3460 0595 015 52023   805 180   861
160312.97+295905.0 0.5585 1578 455 53496   704 180   582
160401.74+000657.6 0.3820 0345 358 51690  2321 139  1515
160421.72+474354.0 0.5380 0813 531 52354  -207  30  -260
160433.16+164638.9 0.3676 2199 044 53556   393  96   484
160742.94+432816.4 0.5972 1170 461 52756  -511  31  -317
160951.75+401252.3 0.4594 1336 385 52759   470  91   487
161204.77+273503.1 0.3310 1577 169 53495   444 130   441
161351.68+172014.0 0.2437 2201 366 53904  -331  32  -255
161737.59+480500.0 0.7286 0624 397 52377   424 115   433
161855.22+311030.6 0.4463 1420 514 53146   538 178   563
162318.32+071230.5 0.4104 1732 072 53501  -297  60  -188
162320.78+383233.9 0.7510 1337 602 52767  -739 125  -714
163012.44+163029.1 0.5360 2207 263 53558  -773 151  -714
163014.16+173425.9 0.4376 2207 439 53558   566 120   560
163020.78+375656.4 0.3946 1173 273 52790   103 362  1357
163329.44+131327.0 0.3360 2204 223 53877  -434  59  -185
163415.42+175611.4 0.5070 2207 564 53558  1050 250  1472
163620.38+475838.3 0.2361 0627 596 52144   456 120   570
164147.54+393503.3 0.5393 0817 031 52381   797 150   838
164809.20+244907.8 0.3715 1414 530 53135   417  92   498
165219.47+290319.1 0.2079 1690 562 53475   771 135   435
165848.22+261127.9 0.5075 1693 449 53446   367  96   351
165904.16+623012.3 0.2807 0351 363 51780  -465 120  -423
170232.50+352618.3 0.5393 0972 562 52435  -351  30  -194
170237.68+373933.0 0.6209 2971 326 54590   295  68   363
170441.38+604430.5 0.3722 0353 377 51703  -400  59   897
171528.14+542509.0 0.2503 0367 295 51997   445 135   488
204340.03+002853.4 0.3166 0981 575 52435   148  39   215
205201.61+000051.5 0.5349 0983 431 52443   910 233   931
211234.88-005926.8 0.2351 0986 274 52443   449 119   470
212049.08-065757.9 0.2661 0640 357 52178  -295  64  -267
212936.97-072431.8 0.4317 0640 074 52178   925 291   968
213040.15-082159.9 0.2667 0641 264 52199  -394  90  -351
214410.62-010113.4 0.3560 0990 087 52465  -242  17  -242
214652.71+113030.8 0.5346 0733 265 52207  -363  50  -346
220514.24-004037.1 0.6947 1105 256 52937   684 167   673
220537.71-071114.5 0.2950 0717 532 52468  -467 153   779
222315.11-002610.5 0.2928 0375 190 52140   208  64   262
222741.20-004003.9 0.6596 0673 197 52162  -278  92  -335
222749.22+000042.8 0.5543 0375 628 52140  -118  30  -212
223533.08-081322.0 0.4571 0722 332 52224  -234  60  -244
224903.28-080841.7 0.4576 0723 569 52201  -255 172   585
224936.91+231840.4 0.5220 2261 639 53612  -190  31  -174
225314.50-082859.6 0.4087 0724 367 52254   500 150   525
230248.88+134553.4 0.3819 0742 109 52263   305  85   325
230323.47-100235.3 0.1809 0725 170 52258   -10  25   -78
230845.60-091123.9 0.1930 0725 632 52258   242 150   833
232124.43+134930.1 0.5634 0745 212 52258 -4161 118  -823
234852.50-091400.7 0.4617 0648 609 52559   431  75   451
235708.87+000702.2 0.5791 0684 592 52523   375 120   376
