 *Q 2357-005A           0  0 12.7 - 0 14 34      *2.83   Q    18.0                 2677      2677    G  2343  23 57 38.9 - 0 31 16
 *Q 2357+009            0  0 26.5   1 14  0      *3.05   Q    17.0                 2674      2676    *  2343  23 57 52.7   0 57 18
 *Q 2358-011            0  0 35.3 - 0 51 22      *3.22   Q    17.5                 2677      2677    *  2343  23 58  1.5 - 1  8  4
 *Q 2358+029A           0  1  1.4   3 14 11      *3.13   Q    17.5                 2674      2676    *  2343  23 58 27.6   2 57 29
 *Q 2358+004            0  1 12.9   0 44 43      *2.94   Q    17.0                 2674      2676    *  2343  23 58 39.1   0 28  1
 *UM 194                0  1 16.6   0  2  7 O     0.780  Q   O19.1                 1402      1893    *  1229  23 58 42.8 - 0 14 35
 *Q 2359+026            0  2  9.7   2 54 24      *3.14   Q    17.0                 2674      2676    *  2343  23 59 35.9   2 37 42
 *Q 0002+022            0  4 47.8   2 29 16      *3.17   Q    18.0                 2672      2672    *  2343   0  2 14.0   2 12 34
 *Q 0002+030A           0  5 11.8   3 19 36      *3.15   Q    18.5                 2672      2672    *  2343   0  2 38.0   3  2 54
 *Q 0003+011B           0  5 56.8   1 25 32      *3.17   Q    18.0                 2672      2672    *  2343   0  3 23.0   1  8 50
 *Q 0003+012B           0  6 32.8   1 29 17      *3.12   Q    18.0                 2672      2672    *  2343   0  3 59.0   1 12 35
 *Q 0004-004            0  6 41.0 - 0  8 45      *3.12   Q    17.5                 2673      2673    *  2343   0  4  7.2 - 0 25 27
 *Q 0004+014            0  6 53.2   1 45 56      *3.17   Q    18.5                 2672      2672    *  2343   0  4 19.4   1 29 14
 *Q 0005+003            0  8  7.9   0 39 54      *3.00   Q    17.5                 2672      2672    G  2343   0  5 34.1   0 23 12
 *Q 0008+010            0 10 42.9   1 18 41      *3.12   Q    19.0                 2672      2672    *  2343   0  8  9.1   1  2  0
 *Q 0009+027B           0 11 42.4   3  0 28      *3.17   Q    16.0                 2672      2672    *  2343   0  9  8.5   2 43 47
 *Q 0009-003            0 12  2.0 - 0  5  8      *3.02   Q    18.0                 2673      2673    *  2343   0  9 28.2 - 0 21 49
 *Q 0011-012A           0 13 37.4 - 0 58  9 O    *2.23   Q    17.0                 2673      2673    *  2343   0 11  3.7 - 1 14 50
 *Q 0011-002A           0 13 59.0   0  3 20      *3.10   Q    17.5                 2673      2673    G  2343   0 11 25.2 - 0 13 21
 *Q 0011+016            0 14 13.5   1 57 42      *3.22   Q    17.5                 2672      2672    *  2343   0 11 39.6   1 41  2
 *Q 0012+011            0 15  8.5   1 24 27      *1.67   Q    18.0                 2672      2672    *  2343   0 12 34.6   1  7 47
 *Q J00253-2840         0 25 22.8 -28 40 35 O     0.000  BL  *18.95         -1.33       1373 1373    *  1375   0 22 52.9 -28 57 12
 *2QZ J002529-3104      0 25 29.9 -31  4 33 O            BL  *19.45         -0.51        539  539    *  1372   0 23  0.4 -31 21 10
 *Q J00277-2933         0 27 46.7 -29 33  8 O     0.063  BL  *19.08         -1.09       1373  539    *  1375   0 25 17.3 -29 49 44
 *Q J00278-2935         0 27 51.6 -29 35  7 O     0.000  BL  *18.83         -0.84       1373 1373    *  1375   0 25 22.2 -29 51 42
 *Q 0036-3954           0 39  3.3 -39 37 31 O    *0.45   Q   *17.32  -0.02  -1.70   533       651    *   533   0 36 38.7 -39 54  0
 *Q 0036-2939           0 39 27.4 -29 23 20 O    *2.16   Q   *19.54                          1104    *   539   0 36 59.9 -29 39 48
 *Q 0037-3103           0 39 39.0 -30 47  1 O    *2.96   Q   *19.90                          1104    *   537   0 37 11.9 -31  3 29
 *Q J00411-2911         0 41  6.9 -29 11 15 O     0.000  BL  *18.97         -0.71       1373 1373    *  1375   0 38 39.6 -29 27 42
 *SDSSp J00470-0048     0 47  5.9 - 0 48 19 O     0.546  Q    18.96                          2065    ?  2066   0 44 32.3 - 1  4 41
 *Q 0045-3337           0 47 41.9 -33 20 55      *2.14       *18.75                          1104    *   570   0 45 17.0 -33 37 17
 *SDSS J00485+0017      0 48 30.3   0 17 52 O            BL   18.17   0.10  -0.71        462  462    *  1229   0 45 56.5   0  1 31
 *Q J00498-2849         0 49 50.7 -28 49  8 O     0.000  BL  *19.70         -0.53       1373 1373    *  1375   0 47 24.7 -29  5 28
 *Q 0047-3150           0 50 21.9 -31 34 26 O    *2.02   Q   *19.05                          1104    *   539   0 47 56.9 -31 50 45
 *Q 0048-2952           0 50 33.2 -29 36 14 O     1.244  Q   *20.19         -0.83            1303    *   537   0 48  7.6 -29 52 33
 *Q 0048-2939           0 50 38.0 -29 22 45 O    *2.20   Q   *18.77                          1104    *   537   0 48 12.3 -29 39  4
 *CT 193                0 54 43.3 -28 31 19 O     0.639  Q   *19.5          -0.99   378  283  283    *   537   0 52 18.0 -28 47 34
 *Q 0053-3101           0 55 24.9 -30 45  9 O    *2.20   Q   *17.96                          1104    *   539   0 53  0.5 -31  1 23
 *SGP4:10               0 57 54.2 -27 27  0 O     0.907  Q   *20.6          -1.02        283  283    *   537   0 55 29.0 -27 43 12
 *Q 0055-3004           0 58 22.6 -29 48 18 O    *2.10   Q   *18.98                          1104    *   539   0 55 58.3 -30  4 29
 *Q 0056-2847           0 58 46.3 -28 31 35 O     0.800  Q   *20.49         -1.07            1303    *   537   0 56 21.6 -28 47 46
 *SGP1:22               0 59 16.3 -28 45 38 O     1.281  Q   *20.8          -0.81        283  283    *   537   0 56 51.8 -29  1 48
 *CS 142                1  0 15.9 -28  4 52 O    *2.30   Q    19.8                  438       438    *   537   0 57 51.3 -28 21  1
 *Q 0058-4134           1  0 40.6 -41 18 29 O    *1.29   Q   *17.40   0.13  -0.55   533       651    *   533   0 58 22.0 -41 34 38
 *SDSS J01038-1002      1  3 52.2 -10  2 30 O            BL   18.91   0.27  -0.61        462  462    *  1229   1  1 21.7 -10 18 35
 *QSO 0111-2838         1 13 29.1 -28 22 22 O     4.042  Q    19.75                2138      2138    G  2139   1 11  6.6 -28 38 15
 *Q 0117-378            1 19 56.8 -37 37 28      *2.25   Q    20.0                 2015      2015    ?  1132   1 17 40.5 -37 53 12
 *UM 100                1 22 56.2   2 57 32 O     3.272  Q    18.                  1401       697    G  2656   1 20 21.3   2 41 53
 *Q 0121-3758           1 23 25.9 -37 42 24 O    *2.21   Q   O19.7                            651    *  1132   1 21 10.4 -37 58  2
 *Q 0123-3713           1 25 27.1 -36 58  6 O    *2.13   Q   O19.7                            651    *  1132   1 23 11.5 -37 13 41
 *UM 339                1 33 58.1 - 0  3 33 O     1.310  Q    18.39  -0.07  -0.74  1398  671 1893    *   671   1 31 24.4 - 0 18 54
 *Q 0133-4218           1 35 15.9 -42  3 28      *2.68   Q   *19.84                          1104    *   629   1 33  6.3 -42 18 47
 *Q 0133-4217           1 35 22.8 -42  2 21      *2.58   Q   *20.25                          1104    *   629   1 33 13.2 -42 17 40
 *UM 348                1 38 12.2   1  3 52              BL   17.                  1398      1952    *  2411   1 35 38.0   0 48 38
 *RXS J01538+0152       1 53 49.9   1 52 44 O     0.127  Q   O15.1                           2078    *  2427   1 51 15.2   1 38  0
 *Q J02469-2948         2 46 59.6 -29 48 22 O            BL  *19.90         -0.08       1373 1373    *  1372   2 44 51.3 -30  0 53
 *SDSS J02493-0809      2 49 21.6 - 8  9 57 O     1.276  Q    19.98   0.71  -0.93       2066 2066    ?  2067   2 46 54.3 - 8 22 21
 *2QZ J025425-3158      2 54 26.0 -31 58 34 O            BL  *19.38         -1.01        539  539    *  1372   2 52 21.0 -32 10 43
 *SDSS J02548-0717      2 54 48.5 - 7 17 35 O     2.937  Q    19.09   0.78   0.22       2066 2066    ?  2067   2 52 20.7 - 7 29 43
  PKS 0254-671          2 55 13.5 -66 57  1 O    *2.23   Q    18.5                 2007      2007    *  2425   2 54 28.8 -67  9  6
 *SDSS J03130-0616      3 13  3.3 - 6 16  0 O            BL   20.27   0.14  -0.82        462  462    *  1229   3 10 35.1 - 6 27 11
 *2QZ J031435-3105      3 14 35.2 -31  5 44 O            BL  *18.26         -0.82        539  539    *  1372   3 12 31.7 -31 16 50
 *SDSS J03174-0716      3 17 29.7 - 7 16 44 O            BL   20.05   0.14  -0.69        462  462    *  1229   3 15  2.5 - 7 27 41
 *SDSS J03211-0700      3 21  8.3 - 7  0 31 O            BL   19.91   0.13  -0.67        462  462    *  1229   3 18 40.9 - 7 11 15
 *QSF3:22               3 40 59.9 -44 14 20 O     0.719  Q    20.6                            283    *  2090   3 39 19.6 -44 23 54
 *SDSS J04121-0540      4 12  9.3 - 5 40 31 O            BL   19.24   0.11  -0.77        462  462    *  1229   4  9 41.5 - 5 48 10
  MCG -01.12.005        4 25 51.3 - 8 33 38 O     0.039  BL   15.9                  170       826    G   189   4 23 26.8 - 8 40 23
 *SDSS J04494-0020      4 49 25.0 - 0 20 15 O     0.000  BL                                   462    *   671   4 46 51.7 - 0 25 24
  FIRST J07386+3139     7 38 37.7  31 39 31 O            BL   18.06   0.86   0.17       2701 2528    *  2701   7 35 26.3  31 46 23
 *SDSS J07428+3313      7 42 52.0  33 13 54 O     0.000  BL   19.81  -0.25  -1.14        462  462    *   671   7 39 38.6  33 21  2
 *SDSS J08433+4512      8 43 19.9  45 12 53 O     0.000  BL   20.10   0.15  -0.64        462  462    *   671   8 39 54.7  45 23 42
 *SDSS J08438+0216      8 43 53.7   2 16 54 O     0.000  BL   20.59  -0.27  -1.07        462  462    *   671   8 41 17.9   2 27 47
 *SDSS J08495+4114      8 49 34.7  41 14 39 O     0.000  BL   20.07   0.11  -0.79        462  462    *   671   8 46 17.3  41 25 49
 *SDSS J09106-0042      9 10 40.3 - 0 42 26 O     1.036  Q    21.08   1.04  -0.01       2066 2066    *  2067   9  8  7.0 - 0 30  9
 *SDSS J09146+0544      9 14 37.3   5 44 53 O     2.728  Q    17.84  -0.25  -0.78       2067 2067    *   671   9 11 59.0   5 57 21
 *SDSS J09325+5536      9 32 33.5  55 36 20 O     0.911  Q    20.24   0.42  -0.79       2066 2066    ?  2067   9 29  0.4  55 49 37
 *SDSS J09347+5033      9 34 47.9  50 33 12 O     2.736  Q    19.07   0.30  -0.52       2067 2067    *    15   9 31 25.4  50 46 35
 *SDSS J09389+0209      9 38 59.3   2  9 24 O     1.410  Q    19.96   0.62  -0.73       2066 2066    ?  2067   9 36 24.0   2 22 59
 *SBS 0936+522          9 39 37.9  52  1 46 O     0.000       17.16   0.18  -0.66  2192  671 2194    *   671   9 36 14.2  52 15 21
 *SDSS J09489+1232      9 48 57.8  12 32 43 O     2.175  Q    18.53   0.41  -0.57         13   13    *   671   9 46 15.9  12 46 42
 *2QZ J101226+0037     10 12 26.1   0 37  3 O     0.686  S1  *20.32         -0.90        537  537    *  1229  10  9 52.0   0 51 54
 *SDSS J10172+5804     10 17 18.0  58  4 26 O     0.000  BL   20.09   0.09  -0.80        462  462    *   671  10 13 56.9  58 19 26
 *SBS 1020+541         10 23 27.4  53 53  0 O     0.000  BL   17.92  -0.28  -1.20        671 2206    *   671  10 20 15.5  54  8 11
 *Q J10262-0006        10 26 15.4 - 0  6 30 O            BL  *19.40         -0.98       1373 1373    *  1372  10 23 41.6   0  8 47
 *2QZ J102702+0034     10 27  2.3   0 34  3 O            BL  *19.52         -0.89        539  539    *  1372  10 24 28.2   0 49 21
 *SDSS J10327-0032     10 32 43.4 - 0 32 43 O            BL   20.23   0.01  -0.97        462  462    *  1229  10 30  9.8 - 0 17 15
 *SDSS J10381-0036     10 38  9.2 - 0 36 22 O     1.490  Q    17.09   0.25  -0.31          3    3    *  1229  10 35 35.6 - 0 20 45
 *2QZ J104134+0037     10 41 34.7   0 37 11 O            BL  *19.82         -0.94        539  539    *  1229  10 39  0.6   0 52 53
 *QNB1:46              10 42 29.5   1 32 22 O     0.716  Q   *21.1          -0.96        283  283    *   539  10 39 55.1   1 48  5
 *Q J10453+0026        10 45 19.7   0 26 15 O            BL  *18.68         -1.03       1373 1373    *  1229  10 42 45.7   0 42  2
 *SDSS J10473+0007     10 47 18.3   0  7 18 O     1.235  Q    17.59   0.28  -0.47          3    3    *  1229  10 44 44.4   0 23  8
 *SDSS J10492-0007A    10 49 15.1 - 0  7  7 O     1.073  Q    18.82   0.12  -0.77       1001 1001    *   671  10 46 41.3   0  8 46
 *2QZ J105037-0115     10 50 37.8 - 1 15 57 O            BL  *19.44         -0.89        539  539    *  1372  10 48  4.4 - 1  0  2
 *Q J10539-0055        10 53 55.2 - 0 55 38 O            BL  *19.53         -0.77       1373 1373    *  1372  10 51 21.7 - 0 39 39
 *2QZ J105632-0010     10 56 32.1 - 0 10 42 O            BL  *18.58         -0.82        539  539    *  1229  10 53 58.4   0  5 20
 *Q J11067+0007        11  6 44.5   0  7 17 O            BL  *19.86         -1.11       1373 1373    *  1372  11  4 10.7   0 23 31
 *SDSS J11333+5504     11 33 24.0  55  4 16 O     0.008  S    16.44   0.35  -0.56       2067 2067   SN  2689  11 30 38.5  55 20 50
 *Q J11401-0029        11 40 10.5 - 0 29 37 O            BL  *19.90         -1.02       1373 1373    *  1229  11 37 36.8 - 0 12 59
 *Q J11423-0148        11 42 21.4 - 1 48 13 O     1.276  BL  *19.30         -1.28       1373 1373    *  1375  11 39 47.8 - 1 31 34
 *SDSS J11453-0247     11 45 21.6 - 2 47 57 O            BL   18.63   0.13  -0.75        462 1373    *  1372  11 42 48.1 - 2 31 17
 *Q J11459+0010        11 45 54.9   0 10 23 O     0.834  BL  *19.59         -0.83       1373  539    *  1375  11 43 21.1   0 27  3
 *Q J12059-0042        12  5 58.2 - 0 42 16 O            BL  *19.11         -0.47       1373 1373    *  1372  12  3 24.4 - 0 25 34
 *Q J12080-0042        12  8  1.9 - 0 42 20 O            BL  *18.96         -1.01       1373 1373    *  1372  12  5 28.1 - 0 25 38
  MC 1210+121          12 12 33.0  11 51 11 O            BL   18.0                  130      2697    *  2020  12  9 59.9  12  7 52
 *UM 493               12 22  6.5 - 1  6 38 O            BL   17.                  1399      2302    *   384  12 19 32.6 - 0 50  0
 *Q J12236-0156        12 23 38.1 - 1 56 19 O            BL  *19.22         -1.16       1373 1373    *  1372  12 21  4.1 - 1 39 42
 *2QZ J124034-0145     12 40 35.0 - 1 45  0 O            BL  *19.47         -0.76        539  539    *  1372  12 38  0.9 - 1 28 33
 *SDSS J12421+6318     12 42  7.8  63 18  1 O     0.000  BL   19.28   0.21  -0.59        462  462    *   671  12 39 57.8  63 34 27
 *Q 1250-0700          12 53 21.8 - 7 16 54 O     0.097  Q    16.43                           836    *  2597  12 50 46.1 - 7  0 38
 *Q J12545-0118        12 54 35.8 - 1 18 22 O     0.000  BL  *19.44         -0.63       1373 1373    *   671  12 52  1.7 - 1  2  7
 *UM 531               12 58 17.3   0  7 11 O    *2.08   Q   O18.5                 1399      1399    *   539  12 55 43.6   0 23 22
 *Q J13001-0226        13  0  9.9 - 2 26  1 O            BL  *19.22         -0.66       1373 1373    *  1229  12 57 35.4 - 2  9 52
 *2QZ J130014+0135     13  0 14.4   1 35 39 O            BL  *20.17         -1.11        539  539    *  1229  12 57 41.1   1 51 48
 *2QZ J130023+0138     13  0 23.2   1 38 51 O            BL  *20.01         -0.82        539  539    *  1229  12 57 50.0   1 55  0
  PKS 1301-192         13  4 34.8 -19 32 44 O            BL   18.                  1791      1136    *  2425  13  1 54.6 -19 16 40
 *2QZ J130639+0113     13  6 39.4   1 13 40 O            BL  *19.33         -0.67        539  539    *  1229  13  4  6.1   1 29 42
 *BG 57 11             13  7  9.5  29  6  8 O    *3.05   Q    20.32   0.56  -0.26       2701  798    *   668  13  4 46.3  29 22  9
 *BG 57 15             13  7 32.5  29 15 47 O    *2.86   Q    20.26   0.54  -0.16       2701  798    *   668  13  5  9.5  29 31 47
 *BG 57 17             13  7 42.5  29 22  5 O    *3.32   Q   *19.16   1.63   1.03       1257  798             13  5 19.5  29 38  5
 *BG 57 20             13  7 59.3  29 28 47 O    *2.25   Q   *18.54   1.40   0.82       1257  798    G   272  13  5 36.4  29 44 47
 *BG 57 21             13  8  3.5  29 30 20 O    *3.24   Q   *18.78   1.33   0.79       1257  798    *   668  13  5 40.7  29 46 20
 *BG 57 26             13  8 13.1  29 20 42 O    *2.90   Q   *18.40   0.99   0.50       1257  798    *   668  13  5 50.2  29 36 41
 *CSO  823             13  8 13.5  29 32 56 O    *2.95   Q   *17.83   0.81  -0.63       1257  798    *   668  13  5 50.7  29 48 55
 *BG 57 42             13  9 12.6  29 31  2 O    *2.82   Q    17.6                            798             13  6 50.0  29 47  0
 *BG 57 43             13  9 12.7  29 20 21 O    *0.72   Q    19.5                            798             13  6 50.0  29 36 19
 *BG 57 45             13  9 27.1  29  5 37      *2.42   Q    21.5                            798             13  7  4.3  29 21 35
 *AH 23                13  9 40.1  29 13 36 O    *1.79   Q   *19.62         -1.27  1256 1256  798    *  1255  13  7 17.4  29 29 33
 *CSO  832             13 10  1.3  29 23  6 O    *2.95   Q    17.53   0.43  -0.20       2701  798       1987  13  7 38.7  29 39  3
 *Q J13165-0028        13 16 35.1 - 0 28 10 O            BL  *19.82         -0.36       1373 1373    *  1372  13 14  1.2 - 0 12 22
 *UM 566               13 19 55.1   1 52 58 O            ?    18.29  -0.10  -0.69  1399 2701 2302    *   539  13 17 22.1   2  8 42
  1WGA J1323.8-3653    13 23 45.9 -36 53 38 O            BL   21.9                           1312    *  2022  13 20 54.6 -36 38  0
 *UM 571               13 23 59.8   2 11  6 O    *1.33   Q    17.84   0.52  -0.16  1399 2701 1399    *  1010  13 21 27.0   2 26 43
 *SDSSp J13247-0217    13 24 44.1 - 2 17 46 O     2.264  Q    21.72   2.16  -0.43          3  936    ?  2067  13 22  9.4 - 2  2 10
 *2QZ J132849-0024     13 28 49.1 - 0 24 27 O            BL  *19.56         -0.71        539  539    *  1372  13 26 15.2 - 0  8 57
 *2QZ J133207+0116     13 32  7.8   1 16 11 O     1.533  Q    18.63   0.35  -0.55       2701  539    *   671  13 29 34.7   1 31 35
 *2QZ J133703-0039     13 37  3.1 - 0 39 10 O            BL  *19.08         -0.94        539  539    *  1372  13 34 29.1 - 0 23 54
 *SDSS J13443+6702     13 44 19.4  67  2 55 O            BL   19.81   0.12  -0.70        462  462    *  1229  13 42 55.0  67 17 56
 *Q J14003+0019        14  0 21.0   0 19 56 O            BL  *19.89         -0.97       1373 1373    *  1372  13 57 47.5   0 34 26
  Q J14021-0130        14  2  7.7 - 1 30 33 O            BL  *19.71         -0.71       1373 1373    *  1660  13 59 33.1 - 1 16  7
 *SDSS J14065+0148     14  6 32.4   1 48 38 O     1.084  Q    18.53   0.30  -0.59          3    3    *  1229  14  3 59.8   2  2 54
 *NPM1G-04.0478        14  7 30.8 - 5 10 10 O     0.380  Q    15.79                           836    G  1567  14  4 53.9 - 4 55 56
 *Q J14092-0000        14  9 16.4 - 0  0 12 O     2.128  BL  *18.84         -0.60       1373  539    *  1229  14  6 42.7   0 13 58
 *Q J14106-0230        14 10 40.3 - 2 30 21 O     0.000  BL  *19.43         -1.03       1373 1373    *  1375  14  8  5.0 - 2 16 14
 *2QZ J142127-0200     14 21 27.4 - 1  0 33 O            BL  *18.85         -1.00        539  539    *  1372  14 18 53.0 - 0 46 53
 *SDSS J14264+5752     14 26 25.8  57 52 18 O     0.000  BL   19.37  -0.15  -1.09        462  462    *   671  14 24 55.4  58  5 44
  SDSS J14428+0015     14 42 48.5   0 15 40 O     1.123  Q    21.39   1.92  -0.41          3    3    ?  2067  14 40 15.0   0 28 23
 *SDSS J15115+4220     15 11 30.2  42 20 22 O     2.721  Q    18.33   0.13  -0.64       2067 2067    *   671  15  9 41.5  42 31 37
 *SDSS J15116+0155     15 11 36.7   1 55 18 O     2.229  Q    20.20   0.12  -0.91          3    3    *  1229  15  9  4.7   2  6 34
 *CBS 319              15 26 35.0  48 58  4 O     0.000  BL   17.99  -0.04  -0.84  1986  671 2206    *   671  15 25  1.4  49  8 28
 *SDSS J16155+4543     16 15 31.7  45 43 22 O     0.000  BL   19.91  -0.19  -1.13        462  462    *   671  16 13 59.5  45 50 46
  MC 1620+103          16 22 33.9  10 13  8              BL   18.4                  130      2697    *   384  16 20 11.1  10 20  6
 *Q 1631.3+3796        16 33  5.2  37 51  5 O     0.638  Q    20.10  -0.18  -1.05        671  512    *   671  16 31 19.6  37 57 19
 *SDSS J16338+4311     16 33 53.2  43 11 10 O     1.058  Q    21.05   0.91   0.40       2066 2066    ?  2067  16 32 17.8  43 17 21
 *SDSS J16520+3528     16 52  3.7  35 28 16 O     2.728  Q    19.52   0.03  -0.48          3    3    *   671  16 50 15.4  35 33 12
 *SDSS J16556+3722     16 55 38.5  37 22 47 O     0.543  Q    18.64   0.16  -0.72          3    3    *  1229  16 53 53.8  37 27 28
 *SBS 1716+581         17 17 22.3  58  6  0 O     0.580  Q    16.91   0.05               411 2205    *  1229  17 16 34.0  58  9  7
 *SDSS J17210+5324     17 21  1.0  53 24 33 O     2.762  Q    19.35  -0.21  -0.87          3    3    *  1229  17 19 55.9  53 27 25
 *SDSS J17317+5816     17 31 47.9  58 16 18 O     0.000  BL   19.66   0.09  -0.71        462  462    *   671  17 31  1.4  58 18 23
 *SDSS J21186-0803     21 18 41.0 - 8  3 47 O            BL   19.25   0.09  -0.79        462  462    *  1229  21 16  1.0 - 8 16 27
 *Q 2119-4509          21 23  9.2 -44 56 38 O     3.79   Q   R19.20                           966    *        21 19 52.7 -45  9 30
 *Q 2127.1-1577        21 29 49.4 -15 33 14       3.2    Q    16.5                            511    *  2425  21 27  4.1 -15 46 25
 *2QZ J215530-3121     21 55 30.5 -31 21 48 O            BL  *18.70         -0.33        539  539    *  1372  21 52 35.3 -31 36  3
 *Q 2154-204U          21 56 46.6 -20  9 42 A     1.882  Q                                   2016    ?  1628  21 54  0.0 -20 24  0
 *Q J22052-3115        22  5 15.9 -31 15 38 O            BL  *19.58         -0.60       1373 1373    *  1372  22  2 22.3 -31 30 14
 *SDSS J22091-0035     22  9 11.3 - 0 35 42 O     0.000  BL   19.26   0.13  -0.71        462  462    *  1375  22  6 37.1 - 0 50 27
 *Q J22325-2728        22 32 33.6 -27 29  0 O     0.000  BL  *19.33         -1.00       1373 1373    *  1375  22 29 46.6 -27 44 28
 *Q 2234.3+1367        22 36 48.2  13 55 39       0.295       20.18  -0.06   0.85        671  512    *   671  22 34 20.3  13 40  4
 *SDSS J22476+1456     22 47 41.5  14 56 38 O     1.769  Q    17.67  -0.02  -0.83          3    3    *   671  22 45 13.3  14 40 47
 *Q J23047-3111        23  4 43.6 -31 11  7 O     0.000  BL  *19.49         -0.85       1373 1373    *  1375  23  1 59.9 -31 27 19
 *Q J23178-2853        23 17 49.0 -28 53 50 O     0.000  BL  *19.51         -0.70       1373 1373    *  1375  23 15  8.2 -29 10 14
 *Q J23255-3131        23 25 31.4 -31 31 36 O     0.000  BL  *19.54         -0.87       1373 1373    *  1375  23 22 51.2 -31 48  6
 *SDSS J23308+1430     23 30 53.0  14 30 37 O     0.000  BL   19.26   0.05  -1.10        462  462    *   671  23 28 21.5  14 14  4
 *2QZ J233139-2720     23 31 39.7 -27 20 18 O            BL  *18.83         -0.77        539  539    *  1372  23 29  1.4 -27 36 52
 *Q 2348-011A          23 50 35.7 - 0 52 20      *3.07   Q    18.5                 2677      2677    *  2343  23 48  1.9 - 1  9  1
 *Q 2349-012           23 51 47.2 - 0 59 55      *3.12   Q    16.5                 2677      2677    *  2343  23 49 13.4 - 1 16 36
 *Q 2350-014           23 52 44.3 - 1  9 11      *1.46   Q    18.0                 2677      2677    *  2343  23 50 10.5 - 1 25 52
 *Q 2350-019A          23 52 45.1 - 1 41 14      *3.10   Q    18.5                 2677      2677    *  2343  23 50 11.2 - 1 57 55
 *Q 2356+007           23 58 38.4   1  4  3      *3.17   Q    18.5                 2674      2676    *  2343  23 56  4.6   0 47 21
