J001224   < 0.055    0.462    0.346    0.128 3.59e-15 < 0.058    0.483    0.359    0.129 3.95e-15 5.73e37       910 510 540
J002444     0.200    0.130    0.242    0.193 7.77e-15   0.207    0.133    0.247    0.194 8.19e-15 4.40e38  890  910 420 420
J015530     0.157    0.166    0.184    0.237 1.69e-14   0.162    0.171    0.189    0.238 1.80e-14 1.25e38  670  550 470 290
J020011   < 0.105    0.140    0.220    0.215 3.58e-15 < 0.109    0.143    0.225    0.215 3.77e-15 1.55e38      1150 720 800
J021259     0.054    0.132    0.086    0.075 3.15e-14   0.056    0.137    0.089    0.075 3.40e-14 1.74e39  430  490 450 440
J022014   < 0.112    0.564    0.151    0.219 3.90e-15 < 0.116    0.579    0.155    0.220 4.14e-15 5.14e37       560 400 370
J031715   < 0.102    0.399    0.361    0.354 5.45e-16 < 0.132    0.491    0.432    0.360 8.65e-16 1.34e37       770 280 340
J074007   < 0.209  < 0.194  < 0.292    0.173 1.80e-15 < 0.224  < 0.205  < 0.306    0.173 2.03e-15 3.12e37           420 420
J074157     0.248    0.124  < 0.072    0.130 2.50e-15   0.267    0.131  < 0.076    0.130 2.81e-15 9.10e37  910      500 520
J075403     0.138    0.095    0.128    0.040 1.66e-14   0.146    0.100    0.133    0.040 1.82e-14 3.96e38  790  740 500 780
J080327   < 0.053    0.536    0.134    0.131 2.71e-15 < 0.056    0.563    0.139    0.132 3.00e-15 2.27e38       310 380 370
J081329   < 0.475    0.188  < 0.129    0.110 1.57e-15 < 0.511    0.199  < 0.136    0.110 1.77e-15 3.86e37           480 400
J082150   < 0.149    0.130  < 0.230    0.089 9.92e-16 < 0.155    0.133  < 0.236    0.090 1.05e-15 4.98e37           290 600
J082930     0.107    0.150    0.129    0.098 8.98e-15   0.112    0.155    0.133    0.098 9.69e-15 3.05e38  600  540 450 430
J083223   < 0.207    0.277:   0.203:   0.278 1.02e-15 < 0.222    0.292:   0.212:   0.280 1.14e-15 6.12e37       270 340 320
J084313     0.059    0.173    0.126    0.144 4.57e-14   0.061    0.177    0.129    0.144 4.84e-14 6.30e38  580  660 570 590
J085431     0.085    0.148    0.100    0.073 7.18e-15   0.088    0.153    0.103    0.073 7.67e-15 1.21e38  700  740 480 640
J091833     0.059    0.262    0.107    0.115 9.63e-15   0.060    0.267    0.108    0.115 1.00e-14 7.08e38  910  700 590 540
J091928   < 0.038    0.045    0.079    0.121 1.99e-14 < 0.040    0.046    0.082    0.121 2.14e-14 2.47e38       500 400 400
J092712 f   0.141    0.093    0.063    0.077 5.00e-15   0.144    0.095    0.064    0.078 5.17e-15 1.12e39 1080  520 530 460
J092712 f   0.040    0.264    0.066    0.108 4.69e-15   0.041    0.269    0.067    0.108 4.85e-15 1.05e39  250  170 230 200
J093100   < 0.104    0.250    0.189  < 0.732 2.88e-15 < 0.115    0.270    0.202  < 0.736 3.36e-15 2.49e38       760     580
J093653     0.123    0.073    0.170    0.220 9.16e-15   0.125    0.074    0.172    0.220 9.45e-15 1.35e38  890  630 560 570
J093844     0.077    0.195    0.098    0.107 1.31e-14   0.084    0.210    0.105    0.108 1.57e-14 1.18e38  610  530 460 450
J094603     0.072    0.151    0.149    0.119 1.11e-14   0.091    0.182    0.175    0.121 1.68e-14 2.22e38  720  720 540 540
J094620   < 0.152    0.540  < 0.183    0.208 9.49e-16 < 0.155    0.547  < 0.186    0.208 9.77e-16 6.85e37           360 450
J095036   < 0.214    0.342    0.401    0.196 1.70e-15 < 0.218    0.348    0.406    0.196 1.76e-15 2.21e37      1150 540 520
J095539     0.100    0.175    0.108    0.105 1.94e-14   0.102    0.178    0.109    0.105 2.00e-14 3.83e38  600  430 520 400
J101438     0.058    0.149    0.080    0.063 1.37e-14   0.060    0.154    0.082    0.064 1.46e-14 1.31e39  500  490 440 440
J102106     0.140    0.189    0.172    0.105 3.61e-15   0.142    0.191    0.173    0.105 3.70e-15 1.56e38  380  470 360 280
J102839   < 0.025    0.204  < 0.027    0.393 4.15e-15 < 0.026    0.207  < 0.027    0.393 4.27e-15 5.66e38           460 430
J104132     0.158    0.169    0.127    0.137 4.70e-15   0.170    0.179    0.134    0.137 5.29e-15 1.45e38  790  550 620 510
J105041     0.048    0.303    0.093    0.086 7.44e-15   0.049    0.308    0.095    0.086 7.74e-15 1.66e38  320  210 300 280
J105203     0.297    0.154    0.115    0.071 1.71e-15   0.311    0.160    0.118    0.072 1.84e-15 9.72e37  980  500 380 420
J110051     0.130    0.122    0.175    0.087 4.57e-15   0.134    0.125    0.178    0.087 4.77e-15 1.81e38  570  730 460 450
J110556     0.221    0.121  < 0.114    0.078 4.82e-15   0.239    0.128  < 0.120    0.078 5.45e-15 2.18e38 1240      730 640
J110742   < 0.421    0.557    0.148    0.192 1.21e-15 < 0.461    0.597    0.158    0.193 1.40e-15 4.61e37       540 440 670
J111329   < 0.122    0.488    0.277    0.212 9.60e-16 < 0.124    0.494    0.280    0.212 9.87e-16 1.57e37       440 590 760
J111537   < 0.188    0.298    0.204    0.088 2.14e-15 < 0.191    0.302    0.206    0.088 2.20e-15 1.30e38      1150 460 460
J111916   < 0.083    0.209    0.118    0.203 5.96e-15 < 0.085    0.214    0.120    0.203 6.23e-15 3.17e38       700 600 600
J112751     0.377    0.161    0.212    0.142 3.93e-15   0.382    0.163    0.214    0.142 4.02e-15 4.01e37 1150  770 500 350
J113330   < 0.085    0.186    0.190    0.086 1.72e-14 < 0.088    0.191    0.195    0.086 1.82e-14 1.73e39      1150 600 640
J113651     0.125    0.261    0.207    0.192 6.96e-15   0.129    0.268    0.212    0.193 7.48e-15 2.40e37  600  590 350 400
J113706   < 0.064    0.402    0.174    0.139 4.49e-15 < 0.066    0.412    0.178    0.139 4.74e-15 6.28e37       550 440 450
J113904   < 0.021    0.515  < 0.086    0.243 3.02e-15 < 0.021    0.524  < 0.088    0.244 3.12e-15 3.17e38           280 280
J115158     0.101    0.236    0.164    0.108 3.63e-15   0.105    0.245    0.169    0.109 3.94e-15 2.92e37  620  790 280 390
J115449   < 0.034    0.339  < 0.042    0.095 3.35e-15 < 0.035    0.345  < 0.043    0.095 3.46e-15 2.69e38           390 530
J115644     0.627    0.167    0.273    0.325 3.62e-15   0.659    0.174    0.283    0.327 3.95e-15 5.58e37  790 1040 760 750
J120924     0.084    0.081    0.152    0.089 6.08e-14   0.086    0.083    0.155    0.089 6.40e-14 3.28e39  880  760 580 570
J121113     0.254    0.095    0.207    0.036 6.22e-15   0.259    0.096    0.209    0.037 6.41e-15 1.66e38 1850  960 430 680
J122811     0.094    0.368    0.111    0.176 2.95e-15   0.096    0.374    0.113    0.176 3.06e-15 9.63e37  470  650 560 520
J123001   < 0.342    0.239    0.167    0.112 5.00e-15 < 0.351    0.244    0.170    0.112 5.20e-15 3.61e38      1110 380 560
J124551     0.143    0.106    0.153    0.075 8.00e-15   0.148    0.109    0.158    0.075 8.56e-15 1.22e38  670  550 380 440
J125142     0.078    0.143    0.091    0.070 4.55e-14   0.079    0.145    0.092    0.070 4.71e-14 4.43e38  600  550 500 540
J125809   < 0.191    0.279    0.267    0.181 2.74e-15 < 0.194    0.282    0.270    0.181 2.80e-15 8.12e37      1150 920 680
J130534   < 0.017    0.124    0.187    0.164 3.76e-14 < 0.018    0.127    0.191    0.164 4.03e-14 1.34e38       710 510 480
J131945     0.078    0.061    0.099    0.134 1.21e-14   0.082    0.064    0.102    0.134 1.30e-14 6.81e38  500  490 470 440
J132704     0.193:   0.186:   0.230:   0.182 3.79e-15   0.198:   0.189:   0.233:   0.183 3.94e-15 1.32e38  770 1030 920 620
J133432     0.142    0.103    0.101    0.110 9.26e-15   0.147    0.106    0.103    0.110 9.78e-15 1.98e38  570  580 690 370
J134617     0.072    0.387    0.130    0.100 1.86e-14   0.074    0.394    0.132    0.100 1.96e-14 6.40e37  510  360 280 290
J140007     0.219    0.359    0.194    0.102 3.35e-15   0.223    0.364    0.196    0.103 3.47e-15 2.50e37  830  720 320 470
J140251   < 0.371    0.148    0.225    0.863 6.70e-15 < 0.379    0.151    0.229    0.865 6.98e-15 6.46e37       640 910 530
J140700              0.180    0.194    0.239 4.25e-14            0.183    0.197    0.240 4.50e-14 6.01e37      1130 590 540
J141213     0.075    0.323    0.112    0.077 9.90e-15   0.080    0.339    0.116    0.077 1.10e-14 2.85e38  950  650 540 800
J141300     0.081    0.087    0.103    0.087 1.72e-14   0.082    0.087    0.104    0.087 1.74e-14 7.37e38  610  570 600 640
J143123   < 0.266    0.258:   0.251:   0.232 2.38e-15 < 0.270    0.261:   0.253:   0.232 2.44e-15 1.61e37       610 580 620
J143455   < 0.418    0.300  < 0.334    0.182 3.07e-15 < 0.424    0.304  < 0.338    0.182 3.16e-15 2.52e37           800 890
J151132     0.098    0.080    0.141    0.087 1.83e-14   0.104    0.083    0.146    0.087 2.01e-14 4.67e38  720  540 420 430
J151443     0.095    0.084    0.164    0.103 2.98e-14   0.098    0.086    0.167    0.103 3.12e-14 1.38e39  730  760 390 400
J152316   < 0.218  < 0.085           < 0.110 2.07e-15 < 0.247  < 0.093           < 0.110 2.50e-15 1.71e38               600
J152939   < 0.148    0.299:   0.144:   0.118 2.37e-15 < 0.162    0.323:   0.154:   0.119 2.86e-15 1.62e37       490 420 620
J152942   < 0.073    0.254    0.191    0.102 2.52e-15 < 0.075    0.260    0.196    0.102 2.67e-15 6.49e37       490 390 450
J153434     0.061    0.103    0.103    0.109 2.13e-14   0.062    0.104    0.104    0.109 2.19e-14 8.84e38  330  310 370 290
J153636     0.059    0.123    0.125    0.118 1.92e-14   0.063    0.130    0.131    0.119 2.14e-14 1.06e39  660  750 550 510
J153644   < 0.155    0.214  < 0.169    0.156 3.79e-15 < 0.164    0.224  < 0.176    0.157 4.17e-15 2.18e38           680 550
J154340   < 0.155    0.109    0.198    0.143 7.45e-15 < 0.164    0.114    0.206    0.144 8.15e-15 4.89e38       640 520 520
J154637     0.069    0.131  < 0.084    0.092 3.41e-15   0.074    0.137  < 0.087    0.092 3.76e-15 1.98e38  440      440 440
J155654   < 0.061    0.323  < 0.279  < 0.048 1.61e-15 < 0.067    0.348  < 0.298  < 0.049 1.92e-15 1.32e37               310
J160243   < 0.011    0.165    0.235    0.146 1.20e-14 < 0.012    0.172    0.244    0.146 1.32e-14 5.32e38       920 530 450
J160536     0.051    0.127    0.088    0.080 8.89e-15   0.054    0.133    0.091    0.080 9.84e-15 6.53e38  470  340 500 410
J161911     0.184    0.084    0.219    0.253 7.65e-15   0.189    0.086    0.224    0.254 8.05e-15 1.24e38  850  640 480 470
J162914   < 0.050    0.239:   0.343:   0.116 2.49e-15 < 0.054    0.256:   0.363:   0.117 2.88e-15 8.50e37      1150 510 520
J163020     0.038    0.119    0.079    0.070 4.03e-14   0.039    0.120    0.080    0.070 4.12e-14 2.11e39  560  630 510 470
J165118     0.173    0.044    0.276    0.114 1.22e-14   0.177    0.045    0.281    0.114 1.28e-14 5.15e38 1300 1030 570 580
J165255     0.107    0.124    0.123    0.071 7.50e-15   0.111    0.127    0.126    0.071 7.92e-15 1.08e39  770  810 590 630
J170341   < 0.079  < 0.542  < 0.387    0.180 7.86e-16 < 0.083  < 0.561  < 0.399    0.180 8.48e-16 9.87e37           350 360
J171448     0.143    0.145    0.199    0.058 1.42e-14   0.147    0.148    0.202    0.058 1.48e-14 1.25e38  940 1040 700 580
J172711     0.088    0.278    0.130    0.121 1.01e-14   0.092    0.288    0.134    0.121 1.09e-14 1.40e38  450  410 410 410
J180545   < 0.037    0.160    0.086    0.308 4.35e-15 < 0.042    0.178    0.094    0.311 5.43e-15 2.64e38       540 790 440
