SDSSJ0005+0103A SDSSJ0005+0102B 1.634 2.117  42.7       259.7   40.5 00 05 00.84 +01 03 03.3 19.50 19.26 19.20 18.93 18.81 00 05 00.54 +01 02 20.8 18.67 18.45 18.33 18.27 18.10
SDSSJ0008-0039A SDSSJ0008-0039B 1.612 1.937  27.7       168.6   28.8 00 08 04.23 -00 39 23.0 20.79 20.41 20.25 19.97 19.72 00 08 05.18 -00 39 46.8 20.53 20.53 20.56 20.16 20.11
SDSSJ0008-0039A SDSSJ0008-0039B 1.612 2.112  16.9       102.9   30.5 00 08 04.23 -00 39 23.0 20.79 20.41 20.25 19.97 19.72 00 08 03.88 -00 39 39.1 20.44 20.34 20.28 20.14 19.92
SDSSJ0008-0039A SDSSJ0008-0039B 1.937 2.112  21.0       126.7   15.5 00 08 05.18 -00 39 46.8 20.53 20.53 20.56 20.16 20.11 00 08 03.88 -00 39 39.1 20.44 20.34 20.28 20.14 19.92
SDSSJ0010-0018A SDSSJ0010-0017B 0.893 1.297  86.7       480.0   48.6 00 10 47.99 -00 18 30.2 20.59 20.44 20.32 20.46 20.26 00 10 43.85 -00 17 29.7 20.39 20.33 20.01 19.96 20.02
SDSSJ0012+0052A SDSSJ0012+0053B 1.634 1.649  16.0        97.3   59.8 00 12 01.88 +00 52 59.7 21.53 20.82 20.33 19.83 19.63 00 12 02.35 +00 53 14.1 21.03 20.82 20.51 20.22 20.10
SDSSJ0012+0114A SDSSJ0012+0115B 1.091 1.177  85.2       496.1  325.4 00 12 55.70 +01 14 09.5 20.77 19.80 19.36 19.15 19.08 00 12 57.90 +01 15 28.0 19.55 19.55 19.24 19.16 19.28
SDSSJ0016+0055A SDSSJ0016+0056B 1.753 1.880  44.2       268.1 1221.4 00 16 57.00 +00 55 32.0 19.05 19.01 19.06 18.88 18.84 00 16 57.76 +00 56 14.7 19.95 19.58 19.12 18.51 18.32
SDSSJ0028-0027A SDSSJ0028-0027B 0.728 1.203  64.7       333.3  158.4 00 28 44.89 -00 27 57.4 20.77 20.09 19.71 19.58 19.22 00 28 41.80 -00 27 12.3 20.03 20.26 19.82 19.84 19.87
SDSSJ0031+0034A SDSSJ0031+0033B 2.256 2.738  61.9       366.6   30.9 00 31 35.58 +00 34 21.3 19.38 18.51 18.37 18.37 18.10 00 31 38.18 +00 33 33.3 20.00 19.09 18.93 18.90 18.88
SDSSJ0033-0004A SDSSJ0033-0004B 1.745 2.063  89.9       545.7   49.2 00 33 38.32 -00 04 54.4 20.97 20.43 20.27 19.84 19.88 00 33 33.22 -00 04 07.4 20.02 19.76 19.63 19.44 19.10
SDSSJ0034-0009A SDSSJ0034-0009B 1.495 1.670  51.2       310.2   38.4 00 34 31.79 -00 09 57.5 20.00 19.72 19.51 19.29 19.37 00 34 35.14 -00 09 47.8 20.03 19.82 19.79 19.51 19.38
SDSSJ0040+0055A SDSSJ0040+0055B 2.030 2.092   8.5        51.3   15.3 00 40 18.22 +00 55 31.0 19.03 18.81 18.64 18.57 18.44 00 40 18.68 +00 55 25.9 19.53 19.32 19.19 19.03 18.79
SDSSJ0044+0018A SDSSJ0044+0019B 1.872 1.880  88.6       536.1   41.8 00 44 39.33 +00 18 22.9 18.34 18.36 18.18 17.94 17.89 00 44 34.09 +00 19 03.5 19.03 19.14 19.15 18.82 18.95
SDSSJ0049+0003A SDSSJ0049+0004B 1.121 1.336  71.5       418.9   72.9 00 49 51.99 +00 03 44.1 18.82 19.42 19.06 19.21 19.27 00 49 55.91 +00 04 24.8 19.03 20.00 19.80 19.83 20.06
SDSSJ0049+0003A SDSSJ0049+0003B 1.121 1.330  21.3       124.9   65.9 00 49 51.99 +00 03 44.1 18.82 19.42 19.06 19.21 19.27 00 49 50.92 +00 03 30.1 19.27 19.75 19.52 19.37 19.42
SDSSJ0051+0038A SDSSJ0051+0037B 1.932 2.011  74.5       449.9   19.2 00 51 09.49 +00 38 39.1 19.96 19.88 19.78 19.64 19.59 00 51 13.69 +00 37 59.2 20.10 19.94 19.99 19.90 19.63
SDSSJ0055-0002A SDSSJ0056-0002B 2.112 2.375  83.8       501.5   27.1 00 55 57.05 -00 02 17.3 20.31 20.20 20.13 20.10 19.82 00 56 02.55 -00 02 03.0 20.37 19.87 19.82 19.75 19.34
SDSSJ0058+0013A SDSSJ0058+0013B 1.240 1.678  29.9       178.0  115.2 00 58 28.94 +00 13 46.8 20.11 20.06 19.72 19.81 19.91 00 58 29.44 +00 13 17.9 20.90 20.43 20.21 19.81 19.95
SDSSJ0103+1501A SDSSJ0103+1501B 1.319 1.747  22.2       133.5   99.2 01 03 48.15 +15 01 57.3 18.83 19.03 18.70 18.70 18.81 01 03 49.30 +15 01 42.7 17.21 17.25 17.25 17.10 17.15
SDSSJ0104-0039A SDSSJ0104-0040B 2.359 2.544  84.6       497.6   54.8 01 04 28.91 -00 39 03.3 20.03 19.57 19.59 19.71 19.54 01 04 29.86 -00 40 26.6 20.96 20.30 20.22 20.18 19.67
SDSSJ0110+0002A SDSSJ0110+0002B 0.576 0.934  31.4       145.9   54.7 01 10 34.79 +00 02 30.5 19.32 19.81 19.89 19.68 19.69 01 10 35.95 +00 02 56.6 19.14 19.86 19.69 19.73 19.65
SDSSJ0114-0014A SDSSJ0114-0015B 1.556 1.925  83.1       504.4   16.2 01 14 26.75 -00 14 51.2 20.42 20.14 20.01 19.88 19.89 01 14 30.61 -00 15 50.7 20.23 20.25 20.17 19.97 19.87
SDSSJ0116-0050A SDSSJ0116-0051B 1.578 2.065  76.1       462.1   87.4 01 16 35.01 -00 50 26.0 20.53 20.28 20.16 19.94 19.79 01 16 38.39 -00 51 22.7 20.54 20.02 19.58 19.28 18.95
SDSSJ0117-0029A SDSSJ0117-0030B 1.824 1.826  73.1       443.1   42.6 01 17 27.57 -00 29 11.7 20.26 20.36 20.32 20.13 19.93 01 17 31.09 -00 30 02.3 20.64 20.53 20.34 19.94 19.93
SDSSJ0117+0021A SDSSJ0117+0021B 0.611 1.076  43.7       208.8  134.3 01 17 58.00 +00 21 04.1 20.26 20.01 20.13 19.86 19.89 01 17 59.82 +00 21 38.2 20.13 19.14 19.04 19.09 19.38
SDSSJ0117+0021A SDSSJ0117+0020B 0.611 0.613  44.5       212.7   34.1 01 17 58.00 +00 21 04.1 20.26 20.01 20.13 19.86 19.89 01 17 58.84 +00 20 21.5 17.96 17.67 17.82 17.79 17.99
SDSSJ0117+0020A SDSSJ0117+0021B 0.613 1.076  78.1       373.8  338.1 01 17 58.84 +00 20 21.5 17.96 17.67 17.82 17.79 17.99 01 17 59.82 +00 21 38.2 20.13 19.14 19.04 19.09 19.38
SDSSJ0118-0015A SDSSJ0118-0014B 1.794 2.188  80.8       490.1  668.5 01 18 44.97 -00 15 29.1 21.80 21.06 20.48 19.76 19.64 01 18 45.77 -00 14 09.2 19.42 19.12 19.03 19.03 18.95
SDSSJ0129-0055A SDSSJ0129-0057B 1.475 1.480  78.3       474.7   37.3 01 29 42.65 -00 55 59.0 19.59 19.46 19.40 19.26 19.22 01 29 45.47 -00 57 04.9 20.25 20.16 19.85 19.83 19.60
SDSSJ0132+0023A SDSSJ0131+0023B 0.532 0.779  32.2       143.9   51.2 01 32 01.09 +00 23 24.7 19.95 19.74 19.78 19.51 19.32 01 31 59.12 +00 23 11.7 19.34 18.80 18.76 18.68 18.63
SDSSJ0135-0040A SDSSJ0135-0041B 1.003 1.261  22.0       125.4   16.0 01 35 00.83 -00 40 54.4 19.79 19.74 19.49 19.62 19.66 01 35 00.10 -00 41 13.4 19.25 19.33 19.07 19.06 19.24
SDSSJ0140+0106A SDSSJ0139+0107B 0.678 0.961  82.5       413.1   38.5 01 40 03.94 +01 06 54.7 21.30 20.80 20.71 20.44 20.16 01 39 59.21 +01 07 36.9 19.19 19.09 18.87 18.92 18.87
SDSSJ0141+0031A SDSSJ0141+0031B 1.758 1.892  83.0       504.0    3.6 01 41 06.14 +00 31 34.9 20.00 19.85 19.83 19.59 19.56 01 41 11.63 +00 31 45.9 20.23 20.19 20.11 19.87 19.96
SDSSJ0141+0031A SDSSJ0141+0031B 1.758 1.903  69.8       423.8    2.5 01 41 06.14 +00 31 34.9 20.00 19.85 19.83 19.59 19.56 01 41 10.41 +00 31 07.1 20.76 20.59 20.50 20.29 20.20
SDSSJ0141+0031A SDSSJ0141+0031B 1.892 1.903  42.9       259.2    2.9 01 41 11.63 +00 31 45.9 20.23 20.19 20.11 19.87 19.96 01 41 10.41 +00 31 07.1 20.76 20.59 20.50 20.29 20.20
SDSSJ0142-0024A SDSSJ0142-0023B 1.130 1.354  80.3       471.0  184.6 01 42 12.86 -00 24 53.4 19.49 19.57 19.33 19.30 19.50 01 42 09.72 -00 23 48.3 19.51 19.27 18.83 18.66 18.57
SDSSJ0143+0108A SDSSJ0143+0108B 1.362 1.697  15.9        95.8  119.4 01 43 50.19 +01 08 22.2 20.25 20.51 20.07 20.14 20.41 01 43 49.45 +01 08 33.6 20.47 20.11 20.18 19.92 19.91
SDSSJ0144-0007A SDSSJ0144-0007B 0.888 1.161  87.6       483.7   25.9 01 44 15.63 -00 07 46.4 20.92 20.52 20.25 20.22 19.94 01 44 21.16 -00 07 18.3 18.77 18.70 18.48 18.40 18.35
SDSSJ0146+0015A SDSSJ0146+0015B 0.923 1.019  16.0        89.2   66.9 01 46 30.14 +00 15 21.4 20.13 19.87 19.91 20.02 19.85 01 46 30.96 +00 15 31.7 19.34 19.06 18.86 18.93 18.89
SDSSJ0147+0005A SDSSJ0147+0006B 0.749 0.773  81.4       424.1    8.4 01 47 05.49 +00 05 04.2 20.99 20.59 20.24 20.11 19.50 01 47 01.87 +00 06 04.8 21.21 20.57 20.12 19.99 19.53
SDSSJ0148-0037A SDSSJ0148-0037B 1.458 1.636  79.8       482.9   17.5 01 48 53.67 -00 37 15.4 19.60 19.66 19.48 19.43 19.40 01 48 58.92 -00 37 03.2 19.65 19.51 19.41 19.28 19.10
SDSSJ0149-0021A SDSSJ0149-0021B 1.685 2.158  17.7       107.3   34.6 01 49 17.11 -00 21 41.7 18.80 18.65 18.60 18.36 18.36 01 49 17.47 -00 21 58.5 19.72 19.51 19.52 19.47 19.30
SDSSJ0149-0102A SDSSJ0149-0103B 0.622 1.072  76.9       370.6  148.9 01 49 46.19 -01 02 46.1 21.22 20.31 20.18 19.76 19.60 01 49 50.96 -01 03 14.2 18.07 17.68 17.50 17.50 17.50
SDSSJ0150+1354A SDSSJ0150+1354B 1.072 1.429  53.1       308.2  132.3 01 50 08.55 +13 54 34.0 20.80 20.00 19.81 19.79 19.79 01 50 11.45 +13 54 01.9 19.17 19.21 19.01 18.98 19.09
SDSSJ0152+0112A SDSSJ0152+0111B 1.407 1.664  83.0       501.4   92.1 01 52 43.30 +01 12 18.7 19.06 19.08 18.64 18.58 18.60 01 52 45.81 +01 11 04.7 19.80 19.60 19.58 19.34 19.29
SDSSJ0152+0104A SDSSJ0152+0105B 0.569 0.647  76.7       354.2  104.2 01 52 54.05 +01 04 34.7 20.84 20.40 20.41 19.93 19.94 01 52 58.67 +01 05 07.4 19.36 19.10 19.15 19.07 19.13
SDSSJ0153+0052A SDSSJ0153+0053B 1.161 1.399  64.7       381.1   44.2 01 53 09.13 +00 52 50.1 19.16 18.94 18.77 18.76 18.78 01 53 13.29 +00 53 07.3 19.90 19.91 19.58 19.50 19.57
SDSSJ0153-0019A SDSSJ0153-0018B 0.878 1.006  32.5       179.1   86.1 01 53 22.69 -00 19 11.7 19.45 19.36 19.32 19.37 19.31 01 53 20.81 -00 18 55.4 20.90 20.77 20.31 20.36 20.17
SDSSJ0200-0013A SDSSJ0200-0013B 1.416 1.699  52.9       319.5  232.3 02 00 21.64 -00 13 01.8 19.91 19.86 19.22 19.18 19.27 02 00 25.06 -00 13 14.3 19.84 19.85 19.86 19.65 19.57
SDSSJ0202-0041A SDSSJ0202-0041B 1.413 1.797  58.2       351.7   51.7 02 02 55.60 -00 41 03.0 19.55 19.35 19.16 19.24 19.42 02 02 51.84 -00 41 17.3 20.02 20.00 20.00 19.72 19.96
SDSSJ0203-0808A SDSSJ0203-0808B 1.741 2.174  75.8       460.4   35.2 02 03 19.10 -08 08 00.6 19.69 19.39 19.23 18.93 18.94 02 03 14.42 -08 08 30.9 19.72 19.40 19.27 19.17 18.98
SDSSJ0203-0002A SDSSJ0203-0002B 1.739 1.983  36.2       219.5   94.0 02 03 40.40 -00 02 01.8 19.16 19.31 19.55 19.28 18.94 02 03 41.34 -00 02 35.1 19.93 19.80 19.75 19.63 19.38
SDSSJ0203+0058A SDSSJ0203+0058B 0.743 1.189  64.3       334.3   54.3 02 03 41.08 +00 58 58.3 19.66 19.33 19.13 18.99 18.87 02 03 38.07 +00 58 12.6 20.05 20.08 19.93 19.88 19.96
SDSSJ0208+0037A SDSSJ0208+0038B 2.014 2.376  86.0       517.1   77.5 02 08 21.20 +00 37 34.7 19.97 20.03 19.98 19.78 19.63 02 08 26.41 +00 38 10.5 20.14 19.70 19.62 19.61 19.50
SDSSJ0218-0835A SDSSJ0218-0835B 1.449 1.846  77.7       470.6   36.6 02 18 20.03 -08 35 09.9 20.05 20.10 19.83 19.78 19.84 02 18 15.69 -08 35 53.6 19.81 19.72 19.76 19.49 19.54
SDSSJ0218-0015A SDSSJ0218-0015B 2.389 2.430  43.5       255.3    4.2 02 18 42.38 -00 15 02.4 23.98 23.11 21.54 20.35 19.88 02 18 44.05 -00 15 38.0 25.95 23.30 22.02 20.76 20.20
SDSSJ0219-0044A SDSSJ0219-0044B 0.685 1.041  19.5        97.9   43.4 02 19 53.04 -00 44 34.2 19.49 19.12 19.12 19.25 19.18 02 19 51.75 -00 44 35.3 19.43 19.35 19.12 19.23 19.22
SDSSJ0220+0111A SDSSJ0220+0112B 1.549 1.654  84.2       511.5    5.2 02 20 41.38 +01 11 52.4 20.00 19.74 19.66 19.44 19.30 02 20 45.30 +01 12 52.8 20.33 20.15 19.97 19.72 19.72
SDSSJ0220+0036A SDSSJ0220+0037B 1.197 1.396  62.5       370.5   79.0 02 20 47.29 +00 36 59.6 18.90 18.29 18.05 18.00 17.96 02 20 51.00 +00 37 28.3 20.17 20.07 19.67 19.53 19.58
SDSSJ0221-0010A SDSSJ0221-0010B 1.034 1.045  84.2       484.9  174.8 02 21 58.78 -00 10 44.4 20.43 20.23 20.04 20.07 20.20 02 21 53.52 -00 10 14.8 21.23 20.64 20.06 19.91 19.62
SDSSJ0222-0007A SDSSJ0222-0007B 1.051 1.533  63.0       364.2   57.7 02 22 22.80 -00 07 45.6 21.06 20.87 20.39 20.69 20.34 02 22 26.98 -00 07 38.2 21.31 21.03 20.81 20.48 20.33
SDSSJ0225+0047A SDSSJ0225+0048B 2.700 2.757  75.3       430.5   13.8 02 25 13.41 +00 47 42.3 20.83 20.22 20.08 20.05 20.10 02 25 17.68 +00 48 22.0 21.53 20.58 20.31 20.31 20.34
SDSSJ0227+0048A SDSSJ0227+0047B 1.108 1.481  81.1       473.9  112.9 02 27 26.10 +00 48 27.6 20.33 20.44 20.17 20.21 20.28 02 27 30.14 +00 47 33.7 20.89 20.74 20.23 19.99 19.96
SDSSJ0227+0102A SDSSJ0227+0101B 0.681 1.134  43.0       215.6   50.5 02 27 32.21 +01 02 10.9 19.60 19.36 19.40 19.39 19.42 02 27 34.88 +01 01 55.4 20.90 21.05 20.67 20.80 20.54
SDSSJ0228+0046A SDSSJ0228+0045B 1.287 1.672  61.9       370.6   13.3 02 28 39.33 +00 46 23.0 19.25 18.88 18.64 18.52 18.50 02 28 42.04 +00 45 36.3 20.39 20.23 20.01 19.78 19.79
SDSSJ0228+0030A SDSSJ0228+0030B 0.720 1.013  65.3       334.9   44.3 02 28 41.08 +00 30 49.5 18.24 18.01 18.10 18.21 18.05 02 28 37.60 +00 30 10.3 20.10 19.99 19.79 20.01 19.90
SDSSJ0232+0022A SDSSJ0232+0021B 1.750 2.043  79.3       481.5  110.6 02 32 16.28 +00 22 09.6 19.78 19.24 19.13 18.83 18.79 02 32 19.52 +00 21 06.9 19.31 19.14 19.08 18.93 18.82
SDSSJ0233-0113A SDSSJ0233-0111B 0.783 0.932  85.6       453.5  128.5 02 33 59.81 -01 13 10.5 21.27 20.40 20.31 20.19 19.75 02 33 56.64 -01 11 59.3 19.72 19.71 19.49 19.51 19.38
SDSSJ0236-0032A SDSSJ0236-0033B 1.360 1.528  74.7       449.8   32.2 02 36 35.69 -00 32 03.5 19.92 20.29 19.89 19.89 20.07 02 36 36.17 -00 33 17.9 21.07 20.95 20.83 20.59 20.68
SDSSJ0241-0008A SDSSJ0241-0008B 0.821 1.109  66.3       357.2   34.3 02 41 35.70 -00 08 58.6 19.60 19.34 19.26 19.41 19.24 02 41 32.09 -00 08 20.3 20.20 20.14 19.88 19.96 20.23
SDSSJ0244+0102A SDSSJ0244+0102B 2.122 2.197  42.1       251.8  116.1 02 44 47.88 +01 02 50.0 21.19 20.52 20.21 20.10 19.89 02 44 45.75 +01 02 22.5 20.06 19.85 19.89 19.86 19.80
SDSSJ0245-0113A SDSSJ0245-0113B 2.459 2.462   4.5        26.3   17.0 02 45 11.90 -01 13 17.6 21.14 20.57 20.45 20.38 20.11 02 45 12.08 -01 13 14.0 20.56 19.85 19.56 19.47 19.33
SDSSJ0245-0026A SDSSJ0245-0027B 2.085 2.143  87.0       521.1   31.2 02 45 31.54 -00 26 12.2 20.66 20.24 20.03 19.87 19.65 02 45 32.50 -00 27 38.0 20.36 20.17 20.04 20.05 19.79
SDSSJ0246+0023A SDSSJ0246+0024B 1.531 1.576  55.1       334.6    6.6 02 46 08.39 +00 23 31.3 20.12 20.02 19.96 19.79 19.75 02 46 11.39 +00 24 03.2 19.54 19.37 19.41 19.18 19.26
SDSSJ0246-0009A SDSSJ0246-0008B 1.642 1.823  39.2       238.2   53.0 02 46 37.50 -00 09 17.9 19.52 19.41 19.52 19.43 19.43 02 46 35.62 -00 08 50.6 18.35 18.40 18.48 18.18 18.24
SDSSJ0251-0046A SDSSJ0251-0046B 1.387 1.578  51.7       311.6   75.7 02 51 45.10 -00 46 39.8 19.71 19.71 19.36 19.31 19.38 02 51 48.54 -00 46 37.8 19.18 19.03 19.02 18.81 18.79
SDSSJ0252+0028A SDSSJ0252+0027B 1.253 1.681  59.4       354.5   89.9 02 52 21.52 +00 28 32.5 19.72 19.72 19.43 19.55 19.62 02 52 20.51 +00 27 35.0 19.62 19.46 19.27 19.05 19.16
SDSSJ0253+0107A SDSSJ0253+0107B 0.592 1.031  84.6       398.6  191.0 02 53 10.83 +01 07 55.4 20.92 21.17 20.92 20.17 20.05 02 53 16.46 +01 07 59.8 18.09 18.84 18.61 18.62 18.68
SDSSJ0253+0004A SDSSJ0253+0004B 1.295 1.564  80.1       479.8   61.0 02 53 23.62 +00 04 46.8 19.96 19.84 19.44 19.33 19.29 02 53 18.74 +00 04 14.0 20.06 19.88 19.82 19.54 19.57
SDSSJ0253+0016A SDSSJ0253+0016B 1.453 1.827  26.0       157.3   11.0 02 53 33.54 +00 16 34.4 20.71 20.44 20.32 20.14 20.38 02 53 31.93 +00 16 24.8 18.98 18.78 18.79 18.57 18.55
SDSSJ0256+0016A SDSSJ0256+0016B 0.591 0.627  74.2       349.2  123.7 02 56 01.62 +00 16 01.3 20.75 20.48 20.39 19.85 19.63 02 56 06.03 +00 16 34.9 20.17 19.76 19.90 19.70 19.66
SDSSJ0256+0052A SDSSJ0255+0053B 0.532 0.843  42.9       191.6  115.5 02 56 02.60 +00 52 55.3 19.50 19.22 19.35 19.11 19.16 02 55 59.95 +00 53 11.4 18.37 18.20 18.25 18.36 18.28
SDSSJ0257+0015A SDSSJ0257+0014B 1.612 1.616  65.5       398.2   14.4 02 57 27.25 +00 15 45.8 19.89 19.74 19.72 19.51 19.75 02 57 25.77 +00 14 44.1 20.59 20.27 20.23 19.93 19.89
SDSSJ0258-0003A SDSSJ0258-0003B 1.320 1.321  29.4       176.6   32.9 02 58 15.55 -00 03 34.2 18.93 18.93 18.66 18.66 18.74 02 58 13.66 -00 03 26.5 19.67 19.89 19.66 19.75 19.71
SDSSJ0312-0101A SDSSJ0312-0102B 2.238 2.263  68.9       408.9   25.8 03 12 11.71 -01 01 50.5 20.42 19.86 19.70 19.52 19.33 03 12 08.47 -01 02 39.3 20.24 19.67 19.59 19.54 19.30
SDSSJ0312-0048A SDSSJ0312-0049B 2.139 2.152  85.8       512.6   14.4 03 12 19.69 -00 48 08.0 20.27 20.04 19.97 19.90 19.80 03 12 23.60 -00 49 10.7 20.70 20.15 20.07 20.01 19.71
SDSSJ0313-0100A SDSSJ0313-0059B 0.895 1.224  48.4       267.8   32.6 03 13 27.13 -01 00 37.8 20.61 20.24 20.09 20.34 20.05 03 13 28.22 -00 59 52.3 20.83 20.82 20.42 20.46 20.54
SDSSJ0320+0015A SDSSJ0320+0014B 1.890 2.010  65.1       393.7   42.4 03 20 05.37 +00 15 11.7 20.54 20.62 20.66 20.19 20.03 03 20 08.27 +00 14 23.3 20.22 20.00 19.75 19.47 19.46
SDSSJ0327+0110A SDSSJ0326+0111B 1.338 1.726  60.0       360.8   26.7 03 27 02.07 +01 10 39.9 20.08 20.23 19.87 19.85 19.84 03 26 58.31 +01 11 00.5 20.28 20.53 20.27 19.94 19.86
SDSSJ0327+0025A SDSSJ0327+0025B 2.964 3.025  63.0       351.4   79.2 03 27 19.17 +00 25 14.2 21.30 20.30 20.35 20.33 20.33 03 27 23.24 +00 25 29.6 22.30 20.22 19.90 19.73 20.01
SDSSJ0328+0047A SDSSJ0328+0047B 1.311 1.339  70.5       423.1   25.3 03 28 42.36 +00 47 04.8 19.94 19.76 19.37 19.34 19.28 03 28 45.36 +00 47 59.1 20.09 20.10 19.89 19.78 19.87
SDSSJ0329-0048A SDSSJ0329-0047B 1.881 2.325  50.7       306.6  122.8 03 29 33.95 -00 48 01.1 18.48 18.60 18.62 18.34 18.30 03 29 30.58 -00 47 58.2 21.21 20.40 20.32 20.10 19.94
SDSSJ0330-0718A SDSSJ0329-0719B 1.248 1.530  87.1       519.0   27.4 03 30 01.64 -07 18 28.6 16.82 16.90 16.64 16.60 16.67 03 29 58.49 -07 19 41.9 20.03 19.82 19.77 19.59 19.74
SDSSJ0330+0008A SDSSJ0330+0009B 1.535 1.800  88.2       535.3   51.3 03 30 09.97 +00 08 35.7 20.38 20.22 20.01 19.78 19.73 03 30 04.35 +00 09 01.8 19.25 19.29 19.32 18.98 18.88
SDSSJ0332+0034A SDSSJ0331+0035B 1.538 1.616  89.9       545.5   31.2 03 32 03.22 +00 34 24.0 19.29 18.87 18.73 18.55 18.69 03 31 59.43 +00 35 33.6 20.09 19.83 19.67 19.41 19.34
SDSSJ0335-0102A SDSSJ0335-0100B 1.825 2.288  75.0       454.8   82.3 03 35 40.47 -01 02 07.3 20.21 20.14 20.12 19.70 19.71 03 35 39.05 -01 00 55.3 21.02 20.51 20.66 20.76 20.23
SDSSJ0337-0003A SDSSJ0337-0002B 0.672 0.798  49.5       247.0   42.5 03 37 33.89 -00 03 04.7 21.03 19.95 19.50 19.46 19.17 03 37 30.63 -00 02 57.0 20.38 20.04 19.63 19.59 19.40
SDSSJ0341-0000A SDSSJ0341-0000B 1.918 2.243  63.0       380.4   14.0 03 41 35.37 -00 00 38.9 20.38 20.22 20.19 20.08 20.07 03 41 39.19 -00 00 12.7 19.56 19.14 19.06 19.12 18.99
SDSSJ0350-0032A SDSSJ0350-0031B 1.992 2.001  45.5       273.9  492.9 03 50 53.05 -00 32 00.1 19.66 19.40 19.32 19.29 19.16 03 50 53.29 -00 31 14.7 20.35 20.17 19.45 18.99 18.62
SDSSJ0445-0004A SDSSJ0446-0005B 1.241 1.256  88.0       524.4 1124.8 04 45 56.06 -00 04 19.3 19.23 19.65 20.16 20.48 20.77 04 46 00.25 -00 05 20.9 19.94 20.24 19.66 19.71 19.84
SDSSJ0736+3120A SDSSJ0736+3118B 1.100 1.595  85.0       496.1  167.3 07 36 08.07 +31 20 23.1 19.39 19.18 18.77 18.84 18.98 07 36 08.72 +31 18 58.5 19.31 18.96 18.80 18.49 18.52
SDSSJ0740+4239A SDSSJ0740+4240B 1.614 1.617  71.6       435.0   14.8 07 40 52.52 +42 39 35.5 18.31 18.10 17.96 17.77 17.70 07 40 49.10 +42 40 36.4 18.93 18.82 18.75 18.54 18.51
SDSSJ0741+4356A SDSSJ0741+4354B 0.663 1.160  85.7       424.9  761.4 07 41 25.12 +43 56 05.7 18.02 17.74 17.92 17.98 17.97 07 41 25.70 +43 54 40.2 19.15 18.66 18.22 18.26 18.27
SDSSJ0741+2124A SDSSJ0741+2123B 2.699 2.811  41.0       234.5  311.0 07 41 31.39 +21 24 32.9 19.64 19.09 19.01 19.07 18.93 07 41 29.88 +21 23 57.8 22.89 20.90 20.18 20.02 19.92
SDSSJ0743+2054A SDSSJ0743+2055B 1.561 1.567  35.5       215.5   15.9 07 43 37.29 +20 54 37.1 20.06 19.86 19.77 19.51 19.43 07 43 36.85 +20 55 12.1 20.36 20.08 20.04 19.90 19.94
SDSSJ0746+3645A SDSSJ0746+3644B 1.871 2.209  75.1       454.3  219.8 07 46 06.64 +36 45 44.4 19.33 19.60 19.58 19.13 19.07 07 46 11.53 +36 44 57.9 19.60 19.19 19.09 19.07 18.93
SDSSJ0747+4318A SDSSJ0747+4318B 0.501 0.501   9.2        39.9    6.3 07 47 59.02 +43 18 05.4 19.52 19.24 19.21 18.89 18.75 07 47 59.66 +43 18 11.5 19.79 19.45 19.36 19.11 18.99
SDSSJ0757+2333A SDSSJ0757+2333B 1.058 1.314  58.9       340.7   40.6 07 57 38.04 +23 33 34.3 19.08 18.94 18.81 18.93 19.04 07 57 33.91 +23 33 18.8 18.54 18.51 18.26 18.31 18.39
SDSSJ0802+1923A SDSSJ0803+1923B 1.338 1.557  78.7       473.1  116.5 08 02 57.57 +19 23 38.9 18.27 18.37 18.19 18.20 18.33 08 03 03.13 +19 23 37.9 19.09 18.90 18.96 18.75 18.94
SDSSJ0805+4255A SDSSJ0805+4255B 0.608 1.005  45.8       218.3   27.8 08 05 53.49 +42 55 48.1 20.35 19.97 20.04 19.88 19.83 08 05 49.32 +42 55 48.6 20.14 20.11 19.90 19.93 19.86
SDSSJ0809+3349A SDSSJ0809+3349B 1.788 2.017  70.4       427.3    7.2 08 09 16.31 +33 49 37.4 19.59 19.59 19.74 19.44 19.41 08 09 21.71 +33 49 16.7 19.69 19.71 19.75 19.49 19.32
SDSSJ0815+0605A SDSSJ0815+0606B 2.493 2.527  64.0       372.8   11.2 08 15 14.28 +06 05 42.5 21.11 20.30 20.28 20.17 20.01 08 15 18.32 +06 06 04.2 20.81 20.18 20.17 20.18 19.87
SDSSJ0818+4052A SDSSJ0818+4052B 1.263 1.752  68.1       406.9   81.4 08 18 06.09 +40 52 55.9 20.06 20.19 19.93 19.94 19.85 08 18 02.47 +40 52 01.5 19.74 19.54 19.40 19.05 19.00
SDSSJ0819+3654A SDSSJ0819+3653B 1.686 1.954  68.7       417.4   24.7 08 19 31.03 +36 54 06.9 18.63 18.50 18.55 18.30 18.37 08 19 25.75 +36 53 40.4 19.09 18.92 18.81 18.75 18.73
SDSSJ0823+4459A SDSSJ0823+4458B 0.785 0.795  77.7       412.0   30.7 08 23 29.80 +44 59 51.5 19.43 19.17 19.01 18.99 18.98 08 23 25.27 +44 58 50.4 19.66 19.24 19.13 19.20 18.84
SDSSJ0823+0643A SDSSJ0823+0644B 0.947 1.018  63.0       354.4   84.1 08 23 34.46 +06 43 50.8 19.23 19.02 18.94 19.04 19.01 08 23 37.40 +06 44 36.1 18.14 18.02 17.77 17.76 17.85
SDSSJ0824+0659A SDSSJ0824+0659B 1.277 1.639  49.4       295.6   72.2 08 24 31.10 +06 59 18.2 19.59 19.54 19.37 19.36 19.49 08 24 34.01 +06 59 41.9 21.02 20.66 20.59 20.25 20.12
SDSSJ0824+2357A SDSSJ0824+2357B 0.535 0.536  14.9        66.9   13.2 08 24 39.83 +23 57 20.3 19.00 18.67 18.88 18.70 18.72 08 24 40.61 +23 57 09.9 18.72 18.51 18.69 18.58 18.59
SDSSJ0826+4708A SDSSJ0826+4708B 1.801 1.865  31.3       190.0   19.7 08 26 42.86 +47 08 29.7 20.28 20.34 20.33 20.00 20.02 08 26 44.63 +47 08 04.1 20.12 20.17 20.29 20.06 19.83
SDSSJ0827+4306A SDSSJ0827+4307B 1.525 1.702  70.6       428.3   61.8 08 27 30.94 +43 06 46.4 19.50 19.14 19.09 18.93 19.12 08 27 25.23 +43 07 19.1 19.11 19.09 19.08 18.86 18.88
SDSSJ0833+3336A SDSSJ0833+3337B 1.617 1.893  76.1       462.3   17.8 08 33 20.87 +33 36 01.9 20.59 20.34 20.38 20.10 20.08 08 33 19.49 +33 37 16.0 20.03 20.05 20.02 19.87 19.69
SDSSJ0835+4826A SDSSJ0835+4826B 0.803 1.302  58.1       310.4  427.1 08 35 30.10 +48 26 25.5 18.62 18.45 18.37 18.36 18.28 08 35 25.17 +48 26 56.7 18.38 18.12 17.62 17.51 17.45
SDSSJ0837+4920A SDSSJ0837+4920B 1.218 1.675  50.7       301.2   40.8 08 37 08.49 +49 20 18.4 19.98 19.82 19.62 19.66 19.78 08 37 03.32 +49 20 14.7 19.75 19.51 19.51 19.22 19.27
SDSSJ0841+3730A SDSSJ0841+3729B 1.201 1.211  66.7       395.5   52.4 08 41 14.06 +37 30 38.5 18.97 18.90 18.55 18.80 18.97 08 41 13.75 +37 29 31.9 18.46 18.46 18.16 18.17 18.26
SDSSJ0842+3626A SDSSJ0842+3625B 1.833 2.242  75.7       458.9  202.3 08 42 18.59 +36 26 19.9 18.96 18.99 19.02 18.77 18.74 08 42 18.40 +36 25 04.2 19.72 19.11 19.18 18.99 18.72
SDSSJ0843+2929A SDSSJ0843+2929B 1.509 1.740  74.4       451.1  256.4 08 43 09.91 +29 29 19.8 19.97 19.67 19.36 19.04 18.96 08 43 04.84 +29 29 53.8 18.21 18.12 18.17 17.96 18.06
SDSSJ0845+0711A SDSSJ0845+0710B 0.536 0.537  62.2       278.7  395.7 08 45 41.53 +07 11 52.3 18.63 18.47 18.67 18.55 18.74 08 45 41.19 +07 10 50.3 19.61 19.24 19.04 18.74 18.70
SDSSJ0847+3129A SDSSJ0847+3130B 1.248 1.554  73.1       435.5  149.8 08 47 19.85 +31 29 58.7 18.28 18.17 17.82 17.74 17.86 08 47 15.77 +31 30 50.0 19.57 19.11 19.01 18.70 18.61
SDSSJ0847+4126A SDSSJ0847+4126B 1.848 2.003  47.9       290.3   15.6 08 47 25.19 +41 26 49.8 19.00 18.97 19.00 18.78 18.77 08 47 21.84 +41 26 20.1 20.38 20.32 20.26 20.00 19.83
SDSSJ0847+0622A SDSSJ0847+0623B 1.389 1.669  61.5       371.1   46.4 08 47 45.37 +06 22 17.0 19.92 19.99 19.79 19.81 19.93 08 47 45.38 +06 23 18.5 20.45 20.24 20.28 19.93 19.85
SDSSJ0849+4126A SDSSJ0849+4125B 1.529 1.688  65.2       395.7   29.9 08 49 44.23 +41 26 18.2 19.53 19.23 19.12 18.89 18.93 08 49 47.04 +41 25 21.2 19.48 19.26 19.28 19.08 19.06
SDSSJ0849+2832A SDSSJ0849+2832B 1.377 1.598  24.2       146.2   60.5 08 49 52.87 +28 32 56.6 18.44 18.47 18.30 18.24 18.29 08 49 51.75 +28 32 37.3 17.78 17.58 17.66 17.53 17.58
SDSSJ0853+0120A SDSSJ0853+0120B 1.642 1.661  32.9       199.8  278.8 08 53 18.09 +01 20 35.1 19.11 19.05 18.95 18.77 18.76 08 53 16.22 +01 20 52.0 20.39 19.78 19.42 19.11 19.04
SDSSJ0853+2959A SDSSJ0853+2957B 1.227 1.306  80.2       476.7   66.2 08 53 25.93 +29 59 07.0 19.65 19.47 19.11 19.02 19.05 08 53 22.89 +29 57 57.3 19.51 19.19 18.99 19.03 19.09
SDSSJ0856+5111A SDSSJ0856+5111B 0.543 0.543  21.8        98.2  138.9 08 56 25.63 +51 11 37.4 18.90 18.52 18.64 18.45 18.51 08 56 26.71 +51 11 18.2 20.03 19.55 19.42 19.17 19.19
SDSSJ0858+0816A SDSSJ0858+0815B 1.367 1.811  59.5       358.6   36.5 08 58 35.68 +08 16 18.8 18.85 18.71 18.48 18.39 18.31 08 58 33.17 +08 15 32.4 19.45 19.29 19.26 18.99 18.99
SDSSJ0904+0041A SDSSJ0904+0042B 1.615 1.643  24.4       148.3   33.2 09 04 17.94 +00 41 48.2 19.13 19.01 18.94 18.70 18.64 09 04 19.12 +00 42 05.1 19.94 19.75 19.85 19.61 19.77
SDSSJ0907+0634A SDSSJ0907+0634B 1.429 1.434  86.6       523.5  109.8 09 07 23.24 +06 34 45.0 20.28 20.10 19.93 19.80 19.82 09 07 28.84 +06 34 22.1 19.94 19.85 19.36 19.07 18.90
SDSSJ0907+5203A SDSSJ0907+5203B 0.952 0.954  85.4       481.4   42.7 09 07 43.96 +52 03 22.8 19.31 19.02 18.84 18.89 18.96 09 07 35.29 +52 03 52.8 19.80 19.30 19.05 19.11 18.98
SDSSJ0908+3330A SDSSJ0907+3331B 1.456 1.941  81.0       490.7  103.9 09 08 02.04 +33 30 20.0 19.56 19.46 19.53 19.43 19.66 09 07 57.38 +33 31 16.3 19.01 18.92 18.91 18.61 18.55
SDSSJ0908+0626A SDSSJ0908+0627B 1.573 1.586  85.9       521.9   67.6 09 08 16.84 +06 26 07.4 19.89 19.33 19.11 18.94 18.89 09 08 12.98 +06 27 11.2 20.46 20.19 20.25 20.00 20.10
SDSSJ0909+0002A SDSSJ0909+0002B 1.872 1.888  15.0        90.6   28.0 09 09 24.01 +00 02 11.0 16.65 16.68 16.61 16.39 16.34 09 09 23.13 +00 02 04.0 20.08 20.06 20.11 19.97 19.82
SDSSJ0909+5529A SDSSJ0909+5528B 1.261 1.354  73.6       439.3   59.5 09 09 34.27 +55 29 44.5 18.95 19.01 18.76 18.73 18.73 09 09 36.81 +55 28 34.1 18.96 18.78 18.49 18.41 18.34
SDSSJ0912+0908A SDSSJ0912+0907B 1.476 1.816  61.6       373.2   24.9 09 12 05.13 +09 08 07.1 20.02 19.85 19.77 19.64 19.66 09 12 01.06 +09 07 54.4 19.82 19.70 19.69 19.33 19.51
SDSSJ0913+4151A SDSSJ0913+4152B 1.241 1.437  61.3       365.0   35.2 09 13 44.48 +41 51 09.8 19.12 18.94 18.63 18.55 18.54 09 13 47.59 +41 52 00.3 20.48 20.45 20.29 20.23 20.41
SDSSJ0914+3150A SDSSJ0914+3150B 1.493 1.804  69.0       418.4   78.3 09 14 08.43 +31 50 43.7 19.26 19.24 19.02 18.79 18.84 09 14 03.17 +31 50 27.2 20.26 20.23 20.30 20.15 20.10
SDSSJ0915+0119A SDSSJ0915+0119B 1.547 1.961  63.1       383.2   17.8 09 15 49.48 +01 19 53.6 19.27 18.96 18.89 18.69 18.77 09 15 51.72 +01 19 00.2 19.68 19.39 19.34 19.21 18.97
SDSSJ0916+4133A SDSSJ0915+4134B 1.559 1.978  89.5       543.4   69.8 09 16 02.35 +41 33 55.0 18.58 18.37 18.25 18.04 18.07 09 15 56.36 +41 34 54.1 20.14 20.02 20.16 19.92 19.68
SDSSJ0916+0220A SDSSJ0916+0221B 1.490 1.494  86.4       523.7    7.5 09 16 57.72 +02 20 14.8 19.03 18.97 18.85 18.72 18.80 09 16 56.06 +02 21 37.6 19.97 19.96 19.85 19.62 19.73
SDSSJ0918+0801A SDSSJ0918+0800B 1.563 1.953  64.8       393.6    9.6 09 18 34.82 +08 01 09.6 20.17 20.06 20.04 19.87 19.80 09 18 38.83 +08 00 44.1 19.27 19.36 19.32 19.13 18.98
SDSSJ0918+3446A SDSSJ0918+3446B 1.331 1.478  39.2       235.3  187.9 09 18 46.34 +34 46 34.5 18.62 18.49 18.35 18.29 18.37 09 18 43.18 +34 46 30.5 19.95 19.48 19.28 19.05 18.92
SDSSJ0920+5917A SDSSJ0920+5917B 1.288 1.754  43.9       262.9   54.0 09 20 04.31 +59 17 33.1 17.58 17.49 17.23 17.17 17.20 09 20 00.29 +59 17 01.8 19.67 19.63 19.63 19.38 19.37
SDSSJ0922+4923A SDSSJ0922+4924B 0.762 0.937  62.2       326.1   91.2 09 22 03.73 +49 23 05.9 19.59 19.14 19.12 19.27 19.00 09 22 01.10 +49 24 02.6 18.62 18.54 18.42 18.56 18.62
SDSSJ0922+5121A SDSSJ0922+5121B 1.751 1.861  61.7       374.4  130.0 09 22 38.44 +51 21 21.5 20.39 20.19 20.27 20.14 20.09 09 22 43.90 +51 21 55.9 19.45 19.23 19.04 18.70 18.54
SDSSJ0926+3636A SDSSJ0926+3635B 1.642 2.036  72.6       441.0   16.0 09 26 06.99 +36 36 11.6 20.59 20.37 20.35 20.11 20.13 09 26 12.00 +36 35 31.4 18.65 18.48 18.49 18.40 18.29
SDSSJ0928+3712A SDSSJ0928+3712B 1.317 1.514  63.7       382.2   23.0 09 28 31.87 +37 12 52.0 19.94 19.81 19.56 19.58 19.56 09 28 26.86 +37 12 30.0 20.04 19.82 19.73 19.52 19.66
SDSSJ0928-0046A SDSSJ0928-0046B 1.242 1.455  57.6       343.1   30.7 09 28 49.84 -00 46 10.0 19.95 20.18 19.93 19.98 19.83 09 28 46.47 -00 46 37.6 19.85 19.85 19.74 19.58 19.60
SDSSJ0931+5225A SDSSJ0931+5225B 1.604 1.756  67.6       410.7   87.0 09 31 25.79 +52 25 54.6 20.57 20.26 20.38 20.08 20.20 09 31 18.59 +52 25 39.5 19.87 19.62 19.37 18.97 18.94
SDSSJ0932+0844A SDSSJ0932+0844B 1.754 2.228  85.8       520.8   35.5 09 32 07.89 +08 44 10.6 18.73 18.32 18.28 18.06 18.04 09 32 13.68 +08 44 12.2 20.23 19.86 19.81 19.79 19.78
SDSSJ0932+0417A SDSSJ0932+0419B 1.532 1.834  87.1       528.9   23.5 09 32 46.84 +04 17 46.6 20.44 20.24 20.00 19.83 19.83 09 32 49.72 +04 19 02.3 19.28 19.14 19.06 18.75 18.62
SDSSJ0933+0628A SDSSJ0933+0628B 1.570 1.659  68.9       418.3   26.3 09 33 44.36 +06 28 06.0 19.82 19.49 19.45 19.28 19.32 09 33 48.93 +06 28 16.4 20.17 19.73 19.59 19.32 19.35
SDSSJ0936-0049A SDSSJ0937-0050B 0.615 0.836  58.5       280.5  218.7 09 36 59.70 -00 49 46.4 22.20 21.49 21.01 20.33 20.61 09 37 03.46 -00 50 02.2 20.34 20.32 20.25 20.30 19.89
SDSSJ0939+0018A SDSSJ0939+0019B 0.930 1.299  67.7       379.3  126.3 09 39 40.27 +00 18 23.0 20.33 20.17 19.99 20.15 19.90 09 39 40.12 +00 19 30.6 18.62 18.51 18.12 17.96 17.89
SDSSJ0942+5217A SDSSJ0942+5217B 1.272 1.323  55.5       331.5   26.4 09 42 52.56 +52 17 15.3 20.46 20.38 20.02 19.91 20.01 09 42 47.15 +52 17 40.0 20.02 19.91 19.78 19.76 19.68
SDSSJ0944+0200A SDSSJ0944+0202B 0.511 0.814  80.7       352.5   48.5 09 44 50.41 +02 00 54.2 19.75 19.37 19.39 19.17 18.86 09 44 47.35 +02 02 00.5 19.49 19.05 19.14 19.11 18.79
SDSSJ0949+6026A SDSSJ0949+6025B 1.635 2.104  61.4       372.9   33.7 09 49 14.98 +60 26 44.3 20.54 20.23 20.19 19.96 19.91 09 49 16.47 +60 25 43.9 19.65 19.67 19.68 19.56 19.43
SDSSJ0951+3933A SDSSJ0951+3932B 1.332 1.712  86.5       519.5   18.9 09 51 16.24 +39 33 40.5 18.91 18.72 18.49 18.56 18.67 09 51 10.58 +39 32 44.0 20.10 19.87 19.86 19.64 19.66
SDSSJ0952+4115A SDSSJ0952+4116B 1.853 1.977  66.7       403.9    2.8 09 52 22.80 +41 15 46.1 20.57 20.28 20.32 20.09 20.05 09 52 17.02 +41 16 00.1 19.17 18.95 18.97 18.81 18.62
2QZJ0953-0014A  2QZJ0953-0012B  1.767 2.241  89.0       540.3   31.5 09 53 53.38 -00 14 01.1 20.25 20.25 20.20 19.97 19.74 09 53 51.54 -00 12 36.4 20.30 19.93 19.77 19.63 19.46
SDSSJ0954+3638A SDSSJ0954+3640B 1.899 1.907  84.5       510.7    0.0 09 54 38.92 +36 38 51.0 19.34 19.30 19.31 19.04 19.01 09 54 38.72 +36 40 15.5  0.00  0.00  0.00  0.00  0.00
SDSSJ0955+0617A SDSSJ0955+0616B 1.271 1.279  44.0       263.1   38.6 09 55 59.03 +06 17 01.9 20.35 20.29 20.11 20.21 20.29 09 55 56.38 +06 16 42.5 17.79 18.07 17.84 17.81 17.86
SDSSJ0956+4254A SDSSJ0956+4254B 0.524 0.968  77.5       343.1   69.1 09 56 18.29 +42 54 34.2 19.29 19.04 19.13 18.96 18.90 09 56 11.63 +42 54 59.8 19.63 19.46 19.25 19.39 19.26
2QZJ0956+0047A  SDSSJ0956+0049B 1.192 1.641  80.3       475.6   35.2 09 56 20.18 +00 47 55.7 19.90 19.89 19.66 19.61 19.57 09 56 19.33 +00 49 15.1 20.56 20.33 20.35 20.10 20.06
2QZJ0959+0115A  SDSSJ0959+0115B 1.406 1.696  17.2       104.1   39.9 09 59 26.14 +01 15 47.5 20.02 20.18 20.04 19.95 20.23 09 59 25.55 +01 15 32.6 19.04 18.96 18.87 18.58 18.59
2QZJ1000+0113A  SDSSJ1000+0112B 1.627 1.806  79.5       483.3  157.1 10 00 12.15 +01 13 20.5 20.40 19.96 19.78 19.56 19.58 10 00 13.38 +01 12 03.2 18.56 18.52 18.55 18.35 18.31
SDSSJ1000+0113A 2QZJ1000+0113B  0.519 0.863  55.8       246.1  171.3 10 00 56.54 +01 13 19.1 18.64 18.27 18.15 17.92 17.93 10 00 52.85 +01 13 26.3 20.41 19.79 19.22 19.08 18.95
SDSSJ1002+0418A SDSSJ1002+0418B 1.667 1.850  75.0       455.7   45.6 10 02 57.08 +04 18 08.4 19.64 19.55 19.48 19.22 19.13 10 02 53.17 +04 18 55.3 19.34 19.47 19.47 19.26 19.16
SDSSJ1005-0113A 2QZJ1005-0112B  1.465 1.544  74.8       453.2   20.2 10 05 06.55 -01 13 07.4 18.69 18.53 18.44 18.35 18.54 10 05 03.08 -01 12 13.6 20.20 20.48 20.34 20.09 20.39
2QZJ1005-0202A  2QZJ1005-0202B  1.906 2.112  73.9       446.6   19.3 10 05 51.59 -02 02 28.9 19.35 19.06 18.88 18.69 18.63 10 05 46.77 -02 02 44.7 20.26 20.21 20.09 20.04 19.80
SDSSJ1006+6253A SDSSJ1006+6253B 1.848 1.970  84.3       510.6  171.8 10 06 07.16 +62 53 20.5 19.26 19.38 19.35 19.05 19.07 10 06 19.30 +62 53 35.2 19.57 19.14 18.92 18.79 18.62
SDSSJ1006+3304A SDSSJ1006+3303B 0.896 1.274  72.2       400.0   46.2 10 06 50.33 +33 04 33.4 18.73 18.37 18.26 18.33 18.33 10 06 51.43 +33 03 22.5 19.21 19.09 18.84 18.85 19.11
SDSSJ1006+0119A 2QZJ1006+0119B  2.146 2.291  57.4       342.9   93.2 10 06 56.99 +01 19 25.9 19.75 19.68 19.57 19.42 19.21 10 06 53.26 +01 19 38.8 18.88 18.27 18.01 17.88 17.70
SDSSJ1007+4547A SDSSJ1007+4546B 1.053 1.331  81.6       471.5   90.2 10 07 30.99 +45 47 41.7 18.51 18.40 18.34 18.38 18.35 10 07 24.68 +45 46 53.6 19.16 19.19 18.80 18.85 18.90
SDSSJ1008+4712A SDSSJ1008+4714B 1.427 1.580  72.0       435.4   43.1 10 08 14.02 +47 12 53.4 18.65 18.44 18.39 18.34 18.40 10 08 14.46 +47 14 05.2 19.37 19.15 19.10 18.89 19.02
SDSSJ1008+0236A SDSSJ1008+0236B 0.643 0.987  45.8       224.0   69.0 10 08 23.63 +02 36 59.8 20.10 19.68 19.71 19.59 19.63 10 08 25.52 +02 36 23.8 17.67 17.56 17.29 17.27 17.18
2QZJ1015-0214A  2QZJ1015-0213B  1.561 1.577  73.3       445.3   10.5 10 15 45.23 -02 14 17.3 20.11 19.98 19.98 19.77 19.84 10 15 42.07 -02 13 21.3 20.59 20.46 20.26 20.15 20.23
SDSSJ1016+4040A SDSSJ1016+4040B 2.982 3.001  68.2       379.8   21.2 10 16 01.51 +40 40 52.9 21.30 19.45 19.25 19.11 18.85 10 16 05.84 +40 40 05.8 22.16 20.39 20.09 20.11 19.93
2QZJ1016-0120A  2QZJ1016-0119B  2.012 2.421  85.0       511.1   66.3 10 16 36.02 -01 20 18.3 18.87 18.98 18.99 18.87 18.72 10 16 39.53 -01 19 11.5 20.95 20.29 20.43 20.46 20.07
SDSSJ1016+0419A SDSSJ1016+0419B 0.966 1.212  24.3       137.3   18.6 10 16 49.00 +04 19 28.2 17.43 17.34 17.23 17.22 17.29 10 16 50.54 +04 19 20.9 19.27 19.24 19.10 19.02 19.05
SDSSJ1017+5627A SDSSJ1017+5627B 1.531 1.539  68.8       417.6   50.2 10 17 10.54 +56 27 48.2 19.30 19.19 19.16 19.02 19.11 10 17 03.18 +56 27 16.4 19.08 19.15 18.88 18.72 18.81
2QZJ1017-0127A  2QZJ1017-0128B  1.980 2.240  83.9       505.6   75.0 10 17 39.59 -01 27 28.8 18.37 18.30 18.14 17.87 17.73 10 17 40.39 -01 28 51.8 20.24 19.75 19.53 19.44 19.44
SDSSJ1018-0009A SDSSJ1018-0008B 1.812 2.136  88.9       539.1   47.1 10 18 26.86 -00 09 51.1 18.47 18.44 18.44 18.27 18.28 10 18 29.40 -00 08 30.7 18.75 18.55 18.42 18.35 18.16
SDSSJ1019-0020A SDSSJ1019-0019B 1.475 1.492  73.4       444.5   21.4 10 19 02.94 -00 20 27.1 19.14 18.81 18.59 18.45 18.54 10 19 07.13 -00 19 49.1 18.81 18.65 18.48 18.30 18.28
2QZJ1019-0243A  2QZJ1019-0242B  0.864 0.993  25.1       137.6   10.7 10 19 57.48 -02 43 05.1 21.12 20.94 20.98 20.83 20.55 10 19 58.74 -02 42 48.6 19.82 19.80 19.72 19.78 19.74
2QZJ1021-0207A  2QZJ1021-0206B  1.544 1.718  66.6       404.5  258.9 10 21 37.88 -02 07 52.5 19.24 19.08 19.03 18.96 19.05 10 21 38.45 -02 06 46.4 19.25 18.77 18.44 18.20 18.18
SDSSJ1022+0119A 2QZJ1022+0119B  1.715 2.197  41.1       249.5    0.0 10 22 06.56 +01 19 55.9 19.07 18.95 18.98 18.72 18.84 10 22 09.30 +01 19 57.3  0.00  0.00  0.00  0.00  0.00
2QZJ1026+0130A  SDSSJ1026+0130B 1.531 1.814  32.4       196.6   20.6 10 26 48.23 +01 30 12.9 20.14 20.01 19.82 19.58 19.73 10 26 50.20 +01 30 26.2 19.93 19.69 19.46 19.08 19.06
2QZJ1030-0113A  2QZJ1030-0114B  1.476 1.513  58.2       352.4  133.9 10 30 16.92 -01 13 32.2 18.72 18.53 18.32 18.17 18.11 10 30 17.56 -01 14 29.6 19.41 19.37 19.39 19.33 19.55
2QZJ1030-0155A  2QZJ1030-0155B  1.802 1.964  41.4       250.7   24.5 10 30 20.54 -01 55 58.4 20.33 20.50 20.44 20.03 20.31 10 30 20.79 -01 55 17.2 19.86 19.72 19.67 19.43 19.44
2QZJ1031-0113A  2QZJ1032-0113B  0.579 0.795  70.5       328.5   45.5 10 31 59.24 -01 13 46.5 20.32 20.19 20.21 20.03 19.80 10 32 03.67 -01 13 23.1 19.44 19.20 19.29 19.44 19.19
2QZJ1032+0139A  SDSSJ1032+0140B 1.450 1.463  55.1       333.3   16.0 10 32 43.17 +01 39 30.0 20.50 20.46 20.27 20.15 20.21 10 32 44.65 +01 40 20.5 18.93 18.86 18.84 18.76 18.86
SDSSJ1033+5547A SDSSJ1033+5548B 0.806 0.982  87.3       467.2   61.0 10 33 12.27 +55 47 06.4 19.25 18.90 18.91 18.97 18.76 10 33 16.97 +55 48 24.1 19.24 19.15 18.95 18.96 18.93
SDSSJ1033+0232A SDSSJ1033+0232B 2.148 2.174  74.3       443.4   63.0 10 33 42.99 +02 32 21.2 19.85 19.46 19.19 19.14 19.09 10 33 38.16 +02 32 38.0 18.81 18.56 18.52 18.44 18.17
SDSSJ1034+6447A SDSSJ1033+6447B 1.382 1.864  82.7       498.5   96.9 10 34 09.80 +64 47 57.4 19.04 19.21 18.80 18.70 18.62 10 33 57.09 +64 47 42.0 19.30 19.10 19.04 18.78 18.78
2QZJ1034+0127A  2QZJ1034+0128B  2.262 2.672  68.9       408.4    3.8 10 34 28.15 +01 27 26.7 20.60 20.15 20.07 20.03 19.82 10 34 28.02 +01 28 35.7 20.39 19.78 19.66 19.69 19.53
2QZJ1034-0052A  SDSSJ1034-0053B 1.691 2.045  58.2       353.6   31.0 10 34 38.28 -00 52 03.3 20.12 20.15 20.08 19.82 19.78 10 34 37.50 -00 53 00.2 18.92 18.72 18.55 18.47 18.32
SDSSJ1035+6418A SDSSJ1034+6417B 1.155 1.157  68.2       401.7   73.3 10 35 05.53 +64 18 05.3 20.60 20.32 19.92 19.61 19.64 10 34 55.50 +64 17 45.4 19.55 19.54 19.31 19.15 19.24
SDSSJ1036+4513A SDSSJ1037+4514B 1.052 1.495  69.1       399.4  132.2 10 36 54.13 +45 13 58.8 19.37 19.16 18.85 18.96 19.05 10 37 00.60 +45 14 08.7 19.16 19.02 19.07 18.95 19.12
SDSSJ1037+6439A SDSSJ1036+6439B 1.674 1.886  83.7       508.5  231.9 10 37 09.27 +64 39 01.9 19.40 19.06 18.95 18.57 18.59 10 36 56.47 +64 39 17.3 17.18 17.28 17.31 17.03 17.06
SDSSJ1037+0348A SDSSJ1037+0349B 0.552 1.030  88.5       402.7   81.5 10 37 36.03 +03 48 35.2 18.92 18.56 18.63 18.52 18.52 10 37 39.50 +03 49 47.0 19.15 19.00 18.73 18.85 18.83
SDSSJ1037+0402A SDSSJ1037+0402B 1.086 1.097  66.3       386.0   18.1 10 37 48.37 +04 02 42.2 18.00 17.92 17.72 17.78 17.78 10 37 43.97 +04 02 33.8 18.96 18.81 18.54 18.59 18.70
2QZJ1038-0222A  2QZJ1038-0222B  1.481 1.970  71.5       433.5   36.4 10 38 54.93 -02 22 10.3 18.30 18.24 18.16 18.02 18.09 10 38 59.67 -02 22 18.2 20.35 20.52 20.60 20.23 20.14
2QZJ1039-0029A  2QZJ1039-0029B  0.655 0.790  50.0       246.4  172.0 10 39 09.80 -00 29 22.8 19.31 19.13 19.14 19.06 19.08 10 39 06.48 -00 29 18.3 21.24 20.63 20.19 20.16 19.95
2QZJ1039+0146A  2QZJ1039+0146B  0.885 1.046  37.2       205.4   12.5 10 39 51.52 +01 46 25.2 19.80 19.51 19.52 19.65 19.68 10 39 53.99 +01 46 21.5 19.42 19.37 19.26 19.41 19.47
2QZJ1040-0130A  2QZJ1039-0129B  0.721 0.731  75.1       385.6   21.4 10 40 00.67 -01 30 59.2 20.57 20.15 20.22 20.11 19.70 10 39 58.72 -01 29 50.0 19.42 19.20 19.12 19.03 18.94
SDSSJ1041+5630A SDSSJ1041+5630B 2.041 2.263  65.0       390.1   35.4 10 41 21.90 +56 30 01.3 18.43 18.25 18.20 18.16 18.03 10 41 29.27 +56 30 23.5 19.43 19.01 19.02 19.00 18.78
SDSSJ1041+6418A SDSSJ1041+6417B 0.679 0.883  60.9       304.7   23.2 10 41 22.87 +64 18 01.1 20.58 20.31 20.26 20.11 19.88 10 41 13.59 +64 17 53.3 19.84 19.55 19.31 19.08 18.85
SDSSJ1041+1435A SDSSJ1041+1434B 1.219 1.615  59.0       350.6  252.7 10 41 39.16 +14 35 30.2 19.30 19.00 18.62 18.61 18.70 10 41 42.08 +14 34 49.3 19.71 19.18 18.84 18.46 18.41
2QZJ1041-0015A  2QZJ1041-0015B  1.442 1.718  64.8       392.1   14.4 10 41 58.99 -00 15 07.0 20.11 19.93 19.79 19.76 19.80 10 41 55.67 -00 15 48.4 20.95 20.81 20.85 20.78 20.26
2QZJ1043+0134A  2QZJ1043+0135B  1.499 1.674  50.2       304.2    6.5 10 43 52.70 +01 34 59.9 19.89 19.71 19.56 19.39 19.37 10 43 55.96 +01 35 11.5 20.12 19.93 19.77 19.51 19.42
SDSSJ1044+6353A SDSSJ1044+6352B 1.535 1.535  72.2       438.0   33.4 10 44 14.88 +63 53 59.0 20.54 20.41 20.30 20.11 20.16 10 44 14.00 +63 52 47.0 20.71 20.50 20.18 19.89 20.16
2QZJ1046-0137A  2QZJ1046-0136B  0.608 0.777  30.0       143.3   49.8 10 46 43.70 -01 37 22.4 19.20 18.85 18.86 18.39 18.74 10 46 44.75 -01 36 56.8 20.41 20.20 20.06 19.93 19.72
SDSSJ1049-0007A 2QZJ1049-0006B  1.073 1.527  43.4       252.0  249.4 10 49 15.07 -00 07 06.4 18.86 18.77 18.87 18.98 19.26 10 49 15.70 -00 06 24.0 19.75 19.65 19.51 19.33 19.39
SDSSJ1050+6056A SDSSJ1050+6056B 1.321 1.501  62.2       373.6   39.0 10 50 21.17 +60 56 00.6 20.27 20.17 19.90 19.88 20.06 10 50 14.95 +60 56 43.3 20.59 20.43 20.47 20.24 20.22
SDSSJ1050+5003A SDSSJ1050+5004B 0.625 0.679  69.3       334.6   20.8 10 50 43.99 +50 03 29.4 17.74 17.47 17.54 17.52 17.66 10 50 38.31 +50 04 12.0 19.81 19.46 19.39 19.47 19.46
2QZJ1052-0030A  2QZJ1052-0030B  0.815 1.133  37.1       199.5   53.1 10 52 07.61 -00 30 38.4 20.73 20.34 20.42 20.45 20.32 10 52 09.84 -00 30 22.4 20.45 20.37 20.14 20.08 20.24
SDSSJ1052+6042A SDSSJ1052+6042B 1.629 1.636  67.4       409.4    3.9 10 52 28.21 +60 42 10.0 20.65 20.44 20.40 20.17 20.17 10 52 20.12 +60 42 41.7 20.56 20.40 20.45 20.20 20.02
2QZJ1053+0106A  2QZJ1053+0106B  1.659 1.722  75.5       458.5    9.7 10 53 10.45 +01 06 15.4 21.25 20.92 20.94 20.49 20.42 10 53 15.21 +01 06 39.6 20.92 20.85 21.04 20.58 20.55
SDSSJ1053+0047A SDSSJ1053+0045B 1.480 1.764  84.6       512.5   53.8 10 53 31.96 +00 47 01.4 19.26 19.17 19.08 19.00 19.23 10 53 31.63 +00 45 37.0 18.63 18.60 18.69 18.55 18.54
2QZJ1053-0250A  2QZJ1053-0250B  0.571 0.938  75.6       349.6   13.0 10 53 32.21 -02 50 55.6 19.86 19.44 19.51 19.32 19.16 10 53 37.14 -02 50 39.0 20.95 20.80 20.72 20.75 20.61
2QZJ1055-0149A  2QZJ1055-0148B  1.179 1.623  76.6       452.5   18.7 10 55 38.08 -01 49 56.7 20.17 20.40 20.04 20.06 20.18 10 55 41.17 -01 48 55.7 20.57 20.50 20.41 20.20 20.51
2QZJ1056-0158A  2QZJ1056-0157B  0.932 1.185  71.4       400.1    9.1 10 56 43.94 -01 58 57.9 21.62 21.34 21.22 21.17 20.56 10 56 46.57 -01 57 58.4 20.71 20.67 20.32 20.40 20.29
2QZJ1058+0038A  2QZJ1058+0037B  1.676 2.003  45.5       276.6  179.6 10 58 16.50 +00 38 23.2 19.47 19.42 19.33 19.14 19.21 10 58 19.06 +00 37 58.6 21.00 20.50 20.13 19.89 19.66
2QZJ1101-0156A  2QZJ1101-0155B  0.911 1.307  52.8       293.9   19.1 11 01 19.68 -01 56 12.1 20.56 20.40 20.34 20.46 20.34 11 01 23.10 -01 55 59.5 19.12 19.21 18.99 19.10 19.21
SDSSJ1101+0734A SDSSJ1101+0735B 1.425 1.516  54.4       329.1   93.2 11 01 58.14 +07 34 37.8 19.04 19.10 18.84 18.74 18.84 11 01 56.34 +07 35 25.2 18.53 18.24 18.21 18.07 18.15
SDSSJ1102+0025A SDSSJ1102+0023B 1.382 1.410  87.1       525.5   56.9 11 02 35.35 +00 25 01.1 18.94 18.94 18.70 18.58 18.51 11 02 38.93 +00 23 52.5 18.10 18.17 18.00 17.96 18.02
SDSSJ1102-0040A 2QZJ1102-0040B  1.337 1.546  28.2       169.5   66.7 11 02 39.17 -00 40 32.3 19.14 19.24 18.98 18.86 18.84 11 02 40.78 -00 40 17.8 18.92 18.77 18.79 18.67 18.83
2QZJ1103-0245A  2QZJ1103-0245B  1.713 1.825  27.8       168.7    4.0 11 03 54.10 -02 45 02.2 20.00 19.92 19.94 19.69 19.74 11 03 55.56 -02 45 19.4 20.61 20.49 20.52 20.34 20.64
SDSSJ1104+0318A SDSSJ1103+0318B 1.926 1.943  57.3       346.0   41.5 11 04 01.49 +03 18 17.5 19.08 19.04 19.12 19.02 18.97 11 03 57.72 +03 18 08.3 18.35 18.36 18.30 18.10 17.96
2QZJ1106+0046A  2QZJ1106+0047B  1.503 1.849  20.0       121.5   22.0 11 06 33.69 +00 46 57.0 20.28 20.32 20.20 20.02 20.23 11 06 33.72 +00 47 17.0 20.13 20.24 20.31 19.92 20.06
SDSSJ1107+0033A 2QZJ1107+0034B  1.879 1.882  24.8       150.1   22.9 11 07 25.70 +00 33 53.9 18.98 18.94 18.84 18.51 18.42 11 07 27.08 +00 34 07.6 20.01 20.04 20.05 19.84 19.80
2QZJ1110-0200A  2QZJ1110-0200B  1.321 1.496  68.5       411.3   35.2 11 10 58.76 -02 00 40.4 20.15 20.17 19.79 19.86 19.89 11 10 54.93 -02 00 03.2 19.67 19.57 19.36 19.14 19.31
SDSSJ1112-0051A SDSSJ1112-0051B 1.515 1.820  89.2       540.9   46.9 11 12 20.07 -00 51 29.3 19.00 18.76 18.70 18.52 18.64 11 12 25.72 -00 51 01.6 18.55 18.54 18.51 18.30 18.36
2QZJ1113-0021A  SDSSJ1113-0022B 0.775 1.114  86.4       456.0   24.1 11 13 14.46 -00 21 37.6 20.45 20.12 20.20 20.14 19.90 11 13 10.63 -00 22 42.1 17.84 17.78 17.67 17.69 17.72
SDSSJ1116+0142A 2QZJ1116+0143B  1.717 1.975  78.7       477.9    1.8 11 16 03.36 +01 42 14.5 19.49 19.44 19.35 19.12 18.91 11 16 01.80 +01 43 29.7 20.73 20.67 20.50 20.33 20.25
SDSSJ1116+4118A SDSSJ1116+4118B 2.991 3.003  13.8        76.8   28.4 11 16 11.74 +41 18 21.5 20.35 18.53 18.16 17.94 17.96 11 16 10.69 +41 18 14.4 21.33 19.44 19.17 19.03 19.03
SDSSJ1116+6307A SDSSJ1116+6306B 1.911 2.263  55.6       336.2   26.2 11 16 20.31 +63 07 20.0 20.27 20.13 20.11 19.81 19.81 11 16 20.48 +63 06 24.4 20.37 20.08 20.10 20.06 19.85
SDSSJ1119+0118A 2QZJ1119+0117B  1.504 1.804  88.5       536.6    4.0 11 19 34.79 +01 18 11.3 19.65 19.48 19.29 19.08 19.14 11 19 40.57 +01 17 53.7 19.99 19.92 19.75 19.50 19.46
SDSSJ1124+4621A SDSSJ1124+4621B 1.182 1.574  79.2       468.0  127.7 11 24 06.86 +46 21 51.9 18.73 18.65 18.44 18.41 18.56 11 24 14.51 +46 21 49.7 19.14 18.86 18.76 18.51 18.49
SDSSJ1125+6255A SDSSJ1125+6255B 1.162 1.656  78.7       463.8   33.1 11 25 31.31 +62 55 15.9 20.23 20.21 20.02 19.91 19.80 11 25 19.82 +62 55 22.5 19.64 19.27 19.24 18.97 18.99
SDSSJ1125+4206A SDSSJ1125+4205B 0.772 1.243  53.6       282.5   79.1 11 25 39.77 +42 06 00.2 18.27 18.12 18.07 18.08 17.98 11 25 41.67 +42 05 11.0 19.26 19.21 18.84 18.94 18.98
2QZJ1126+0156A  SDSSJ1126+0155B 0.662 1.028  56.8       281.3   38.3 11 26 37.74 +01 56 23.7 20.46 20.35 20.43 20.39 19.91 11 26 35.17 +01 55 42.0 19.28 19.27 19.06 19.01 19.16
SDSSJ1127-0130A SDSSJ1127-0129B 1.469 1.965  81.3       492.3   48.5 11 27 52.65 -01 30 17.4 20.06 20.10 19.88 19.74 19.85 11 27 50.32 -01 29 04.1 19.05 19.26 19.28 19.07 18.94
2QZJ1128-0017A  2QZJ1128-0016B  0.839 1.147  69.1       374.8   18.5 11 28 48.99 -00 17 00.5 19.73 19.55 19.50 19.57 19.32 11 28 45.70 -00 16 12.2 20.15 19.99 19.72 19.82 19.60
SDSSJ1129+6127A SDSSJ1129+6127B 0.874 0.876  72.6       398.9   83.3 11 29 12.12 +61 27 57.7 19.03 18.67 18.44 18.50 18.42 11 29 02.06 +61 27 50.0 20.15 19.86 19.93 20.01 19.95
2QZJ1129-0018A  2QZJ1129-0018B  1.468 1.939  53.1       321.5   11.5 11 29 15.72 -00 18 43.0 19.52 19.57 19.44 19.31 19.36 11 29 19.14 -00 18 29.7 20.40 20.56 20.62 20.38 20.27
SDSSJ1132+0000A 2QZJ1132-0000B  1.411 1.663  41.6       251.4   29.1 11 32 41.30 +00 00 19.8 20.13 20.04 19.95 20.17 19.83 11 32 43.26 -00 00 09.7 19.34 19.19 19.25 19.16 19.36
SDSSJ1133+4427A SDSSJ1133+4426B 1.124 1.146  69.4       406.4   12.9 11 33 23.11 +44 27 25.5 19.16 19.09 18.99 18.97 18.99 11 33 22.86 +44 26 16.2 18.87 18.75 18.55 18.58 18.68
SDSSJ1134+0849A SDSSJ1134+0849B 1.525 1.528  27.1       164.4    6.4 11 34 59.38 +08 49 23.3 19.65 19.50 19.34 19.11 19.13 11 34 57.74 +08 49 35.3 19.30 19.10 19.01 18.83 18.85
SDSSJ1138+5055A SDSSJ1138+5055B 1.148 1.462  75.5       443.9   36.3 11 38 49.80 +50 55 18.0 18.29 18.19 17.96 17.98 18.10 11 38 57.78 +50 55 19.6 18.96 18.86 18.79 18.63 18.73
SDSSJ1141+0345A SDSSJ1141+0346B 1.554 1.884  89.4       542.8   29.4 11 41 19.16 +03 45 39.3 19.44 19.12 19.12 18.98 18.94 11 41 16.53 +03 46 59.6 17.08 17.01 17.11 16.98 16.98
SDSSJ1142+6224A SDSSJ1142+6224B 0.725 1.035  57.6       296.1   73.4 11 42 33.34 +62 24 23.7 19.12 18.69 18.68 18.61 18.54 11 42 41.29 +62 24 39.8 20.90 20.62 20.21 20.46 20.35
2QZJ1146-0124A  2QZJ1146-0124B  1.972 1.977  28.5       172.0   26.0 11 46 51.19 -01 24 56.3 20.53 20.46 20.52 20.35 20.24 11 46 52.97 -01 24 46.4 20.54 20.23 20.17 19.93 19.65
SDSSJ1147+0742A SDSSJ1147+0742B 1.801 2.020  55.7       338.1  144.1 11 47 34.02 +07 42 39.5 19.35 19.07 19.07 18.89 19.01 11 47 37.77 +07 42 39.1 19.24 18.93 18.65 18.44 18.23
2QZJ1148-0233A  SDSSJ1148-0233B 0.560 0.566  79.6       364.4   22.4 11 48 10.62 -02 33 01.6 18.80 18.56 18.68 18.55 18.62 11 48 05.31 -02 33 03.6 17.90 17.63 17.65 17.56 17.65
SDSSJ1149+0151A 2QZJ1149+0151B  2.061 2.116  72.0       432.0    0.0 11 49 00.35 +01 51 17.1 17.74 17.58 17.53 17.44 17.30 11 49 05.15 +01 51 18.1  0.00  0.00  0.00  0.00  0.00
SDSSJ1149+0146A SDSSJ1149+0145B 1.365 1.464  84.6       509.5   36.2 11 49 39.60 +01 46 25.2 19.68 19.55 19.36 19.18 19.17 11 49 44.48 +01 45 42.6 18.18 18.13 18.07 17.95 18.04
SDSSJ1149+5707A SDSSJ1149+5707B 0.788 1.151  65.3       346.7   52.5 11 49 46.73 +57 07 19.6 19.78 19.68 19.53 19.44 19.33 11 49 54.74 +57 07 21.2 20.14 20.40 20.09 20.28 20.48
SDSSJ1150+4211A SDSSJ1150+4210B 1.320 1.430  87.1       522.7   77.0 11 50 46.07 +42 11 05.1 19.31 19.38 19.06 19.15 19.33 11 50 53.52 +42 10 38.3 19.60 19.40 19.22 19.10 19.19
SDSSJ1151+4819A SDSSJ1151+4818B 0.723 0.793  80.5       413.6  234.6 11 51 27.96 +48 19 23.4 19.20 18.82 18.80 18.86 18.61 11 51 35.49 +48 18 54.3 19.41 18.73 18.48 18.33 18.06
SDSSJ1151-0148A 2QZJ1151-0149B  1.754 1.894  48.1       291.9   25.1 11 51 49.02 -01 48 23.7 20.40 20.35 20.53 20.11 19.96 11 51 50.30 -01 49 07.8 19.72 19.63 19.67 19.52 19.50
2QZJ1152+0027A  2QZJ1152+0027B  1.304 1.554  38.5       230.6   23.9 11 52 10.25 +00 27 05.2 20.25 20.29 19.93 19.86 19.96 11 52 07.94 +00 27 21.8 20.92 20.59 20.29 19.95 20.17
SDSSJ1152-0030A 2QZJ1152-0030B  0.550 0.554  29.3       132.8   23.1 11 52 40.53 -00 30 04.3 18.95 18.80 18.93 18.86 18.80 11 52 40.10 -00 30 32.9 20.32 20.12 20.16 19.99 20.16
SDSSJ1153+5621A SDSSJ1152+5622B 1.231 1.645  86.1       512.5   48.4 11 53 01.94 +56 21 22.3 19.35 19.41 19.26 19.25 19.33 11 52 55.90 +56 22 32.2 19.74 19.63 19.63 19.39 19.32
2QZJ1154-0246A  SDSSJ1154-0246B 1.681 1.978  71.1       431.8    6.9 11 54 13.30 -02 46 48.7 20.81 20.72 20.82 20.55 20.54 11 54 17.99 -02 46 37.9 18.82 18.92 18.94 18.84 18.72
2QZJ1155-0001A  2QZJ1155-0002B  2.076 2.130  73.8       442.3   24.2 11 55 38.14 -00 01 07.7 20.50 20.60 20.59 20.44 20.18 11 55 35.81 -00 02 12.6 19.60 19.53 19.36 19.28 19.01
2QZJ1155-0131A  2QZJ1155-0130B  1.262 1.475  51.2       305.5   66.0 11 55 51.63 -01 31 33.2 18.83 18.19 17.74 17.75 17.81 11 55 51.08 -01 30 42.7 20.26 19.90 19.74 19.55 19.39
SDSSJ1156+0427A SDSSJ1156+0427B 1.055 1.079  85.0       491.5   80.8 11 56 24.09 +04 27 11.0 18.71 18.61 18.42 18.47 18.63 11 56 18.44 +04 27 20.8 19.37 19.06 18.87 18.85 18.78
2QZJ1156+0032A  2QZJ1156+0032B  1.521 1.818  25.9       157.1   19.4 11 56 36.00 +00 32 34.4 20.69 20.54 20.39 20.08 20.00 11 56 37.26 +00 32 16.7 19.42 19.30 19.43 19.09 18.99
2QZJ1157-0252A  SDSSJ1157-0252B 1.529 1.734  51.9       314.8  129.7 11 57 23.79 -02 52 54.2 19.62 19.40 19.27 19.07 19.01 11 57 27.05 -02 52 36.5 17.79 17.94 18.01 17.80 17.80
SDSSJ1158+5640A SDSSJ1158+5639B 1.341 1.703  42.4       254.9  125.6 11 58 33.35 +56 40 04.9 18.84 18.75 18.68 18.70 18.76 11 58 32.55 +56 39 23.0 19.25 19.21 19.12 18.83 18.79
2QZJ1159-0125A  2QZJ1159-0125B  1.151 1.235  60.3       354.9    9.7 11 59 04.89 -01 25 05.6 19.35 19.43 19.24 19.28 19.49 11 59 02.11 -01 25 49.2 20.38 20.60 20.30 20.37 20.22
SDSSJ1159+6325A SDSSJ1159+6326B 1.706 1.765  57.0       346.2   28.7 11 59 07.69 +63 25 35.4 20.21 20.05 20.04 19.66 19.75 11 59 08.88 +63 26 31.8 20.52 20.31 20.31 20.22 20.50
2QZJ1159-0017A  2QZJ1159-0016B  1.191 1.453  65.1       385.1    7.6 11 59 44.07 -00 17 19.6 19.57 19.62 19.42 19.43 19.42 11 59 42.44 -00 16 19.3 20.29 20.26 20.23 20.08 20.17
2QZJ1200+0038A  2QZJ1200+0039B  1.082 1.343  82.4       478.9   17.5 12 00 32.73 +00 38 59.0 20.23 20.34 20.12 20.24 20.42 12 00 28.02 +00 39 41.4 20.70 20.77 20.45 20.47 20.35
SDSSJ1202+0220A SDSSJ1202+0221B 0.581 0.953  84.5       393.9   91.6 12 02 17.75 +02 20 10.1 19.84 19.45 19.46 19.21 19.27 12 02 14.17 +02 21 15.4 19.09 18.75 18.44 18.46 18.33
SDSSJ1203+1154A SDSSJ1203+1153B 1.019 1.306  86.9       498.2   13.9 12 03 28.83 +11 54 04.5 19.33 19.12 18.93 18.97 19.11 12 03 33.98 +11 53 21.8 18.41 18.27 18.17 18.17 18.24
SDSSJ1205+0148A 2QZJ1205+0149B  1.589 1.938  77.9       473.1    0.1 12 05 42.99 +01 48 27.1 19.03 18.92 18.84 18.64 18.74 12 05 46.17 +01 49 28.6 21.23 21.12 21.04 20.86 20.84
2QZJ1205+0040A  2QZJ1205+0039B  2.289 2.410  42.3       249.9   19.7 12 05 50.35 +00 40 13.6 20.81 20.21 20.30 20.22 19.97 12 05 52.63 +00 39 48.8 20.53 20.00 20.21 20.23 19.98
2QZJ1206-0150A  2QZJ1206-0150B  1.184 1.632  67.8       401.2   40.7 12 06 17.07 -01 50 54.5 20.42 20.41 20.29 20.39 20.53 12 06 12.96 -01 50 26.1 20.62 20.41 20.40 20.12 20.16
SDSSJ1206-0038A SDSSJ1206-0039B 0.566 0.675  71.0       327.3   44.2 12 06 20.51 -00 38 52.1 18.89 18.63 18.78 18.61 18.59 12 06 19.02 -00 39 59.5 18.84 18.47 18.49 18.59 18.54
SDSSJ1206+0032A 2QZJ1206+0032B  2.064 2.101  86.7       520.2  183.9 12 06 22.67 +00 32 34.1 20.27 19.75 19.13 18.96 18.61 12 06 28.34 +00 32 51.0 19.57 19.44 19.33 19.29 19.08
2QZJ1207+0115A  SDSSJ1207+0115B 0.964 0.966  35.4       200.0    3.5 12 07 01.40 +01 15 04.7 20.62 20.40 20.30 20.37 20.36 12 07 00.97 +01 15 39.4 19.03 18.94 18.84 18.87 18.85
2QZJ1207+0030A  2QZJ1207+0030B  1.559 1.594  53.6       325.3    4.1 12 07 33.28 +00 30 15.6 19.35 19.10 18.90 18.66 18.67 12 07 30.37 +00 30 46.5 19.43 19.25 19.11 18.83 18.89
SDSSJ1208-0322A SDSSJ1208-0323B 1.542 1.591  58.1       352.6    3.9 12 08 29.53 -03 22 15.7 20.51 20.15 20.13 19.98 19.99 12 08 29.90 -03 23 13.5 18.91 18.66 18.67 18.51 18.54
2QZJ1210+0002A  2QZJ1210+0002B  1.315 1.536  79.9       479.4   82.4 12 10 52.64 +00 02 20.3 20.26 20.50 20.17 20.11 20.01 12 10 57.92 +00 02 30.0 20.67 20.24 19.91 19.43 19.40
SDSSJ1212+0707A SDSSJ1212+0708B 0.851 0.908  71.2       388.2    4.1 12 12 32.93 +07 07 42.4 19.76 19.56 19.55 19.71 19.64 12 12 36.17 +07 08 34.8 18.52 18.32 18.27 18.44 18.49
2QZJ1212-0053A  2QZJ1212-0053B  2.459 2.473  73.9       431.6    1.2 12 12 56.11 -00 53 35.4 20.81 20.35 20.32 20.39 20.22 12 12 51.19 -00 53 40.8 20.41 19.92 19.92 19.99 19.69
2QZJ1213-0126A  2QZJ1213-0127B  1.811 2.131  79.3       480.9   56.4 12 13 10.79 -01 26 16.1 19.44 19.47 19.49 19.14 19.15 12 13 09.28 -01 27 32.2 20.35 20.09 19.93 19.94 19.77
SDSSJ1215+5716A SDSSJ1215+5715B 1.934 1.964  21.2       127.7  125.1 12 15 59.00 +57 16 16.6 19.97 20.10 20.26 19.97 20.12 12 15 58.82 +57 15 55.5 18.91 18.98 18.86 18.48 18.31
2QZJ1216-0252A  2QZJ1215-0251B  1.488 1.848  67.9       411.5   75.7 12 16 02.28 -02 52 33.0 19.56 19.56 19.27 19.06 18.95 12 15 59.13 -02 51 44.2 19.94 20.23 20.26 19.98 19.93
2QZJ1217+0055A  2QZJ1217+0055B  0.901 0.902  40.5       224.7   18.3 12 17 34.25 +00 55 22.2 20.25 19.92 19.78 19.82 19.98 12 17 36.95 +00 55 22.7 20.33 20.24 20.12 20.23 19.84
2QZJ1217+0006A  2QZJ1217+0006B  1.782 1.784  51.8       314.0   13.5 12 17 35.03 +00 06 08.6 19.17 19.30 19.32 19.05 19.17 12 17 36.18 +00 06 57.4 19.96 19.93 20.06 19.76 19.62
SDSSJ1217-0051A SDSSJ1217-0053B 1.296 1.428  82.7       495.4   20.9 12 17 45.37 -00 51 54.2 18.77 18.74 18.65 18.72 18.83 12 17 47.81 -00 53 08.4 19.00 19.02 18.96 18.87 19.01
SDSSJ1218+5015A SDSSJ1218+5015B 1.456 1.456   9.1        55.1  534.1 12 18 40.49 +50 15 43.8 19.52 18.80 18.44 18.31 18.44 12 18 41.02 +50 15 36.2 17.08 17.01 16.87 16.76 16.84
2QZJ1218+0124A  2QZJ1218+0123B  1.626 1.655  49.3       299.6   14.6 12 18 59.93 +01 24 16.8 20.04 19.77 19.72 19.47 19.47 12 18 59.90 +01 23 27.5 20.74 20.41 20.18 19.91 19.83
2QZJ1219+0008A  SDSSJ1219+0008B 1.248 1.462  84.4       503.0   57.5 12 19 11.44 +00 08 37.3 20.05 19.96 19.76 19.70 19.64 12 19 16.84 +00 08 13.8 19.93 19.56 19.28 19.02 19.03
2QZJ1219+0031A  2QZJ1219+0030B  1.734 2.039  83.4       506.2   46.4 12 19 12.86 +00 31 21.9 20.51 20.52 20.58 20.34 20.23 12 19 07.57 +00 30 56.3 20.27 19.98 19.79 19.56 19.35
SDSSJ1219-0018A SDSSJ1219-0019B 1.339 1.387  59.9       360.1   30.9 12 19 42.46 -00 18 21.5 19.58 19.74 19.20 19.23 19.27 12 19 39.50 -00 19 01.8 19.22 19.18 18.94 18.94 18.91
SDSSJ1221-0202A 2QZJ1221-0201B  0.785 1.240  76.5       405.7  209.9 12 21 15.33 -02 02 53.3 17.54 17.43 17.44 17.62 17.53 12 21 11.87 -02 01 57.0 19.43 19.55 19.18 19.25 19.37
2QZJ1223+0122A  2QZJ1223+0123B  1.765 1.959  66.8       405.7    5.7 12 23 15.01 +01 22 05.4 20.50 20.54 20.72 20.34 20.30 12 23 12.98 +01 23 05.0 20.45 20.49 20.54 20.37 20.20
2QZJ1224+0138A  SDSSJ1225+0139B 0.964 0.984  83.0       469.6   13.0 12 24 55.87 +01 38 48.1 19.69 19.70 19.58 19.72 19.68 12 25 00.80 +01 39 25.8 18.96 18.99 18.78 18.86 18.68
SDSSJ1226-0112A 2QZJ1226-0113B  0.920 0.920  50.6       282.4   22.8 12 26 24.09 -01 12 34.5 17.47 17.39 17.23 17.27 17.28 12 26 25.58 -01 13 19.9 19.74 19.82 19.75 19.79 19.53
2QZJ1227-0113A  SDSSJ1227-0114B 0.896 1.291  85.7       474.5  112.7 12 27 10.01 -01 13 03.9 19.43 19.38 19.30 19.38 19.21 12 27 13.23 -01 14 14.6 19.28 19.53 19.01 19.08 19.17
2QZJ1228-0218A  2QZJ1228-0218B  0.707 1.073  36.0       183.5   57.5 12 28 53.15 -02 18 15.1 21.58 20.94 20.99 20.68 20.68 12 28 50.90 -02 18 27.8 18.99 19.03 18.85 18.98 19.03
SDSSJ1230+0306A SDSSJ1230+0305B 0.627 1.051  56.9       275.0  104.6 12 30 27.40 +03 06 27.4 19.00 18.53 18.60 18.50 18.45 12 30 25.87 +03 05 35.4 19.73 19.68 19.40 19.52 19.51
2QZJ1231-0124A  2QZJ1231-0125B  0.623 1.097  82.4       397.6   85.2 12 31 48.21 -01 24 44.4 20.27 19.89 19.83 19.48 19.29 12 31 53.13 -01 25 21.4 19.72 19.77 19.60 19.59 19.63
SDSSJ1232+1233A SDSSJ1232+1235B 1.243 1.297  86.3       513.9   22.4 12 32 17.45 +12 33 58.9 17.91 17.75 17.70 17.72 17.76 12 32 19.83 +12 35 17.8 19.01 19.04 18.83 18.85 19.13
2QZJ1233-0120A  2QZJ1233-0120B  0.710 0.777  74.3       379.0   15.5 12 33 39.71 -01 20 08.4 20.06 19.68 19.61 19.50 19.42 12 33 36.00 -01 20 57.7 19.86 19.41 19.34 19.43 19.14
SDSSJ1234+0121A 2QZJ1234+0121B  1.183 1.384  39.0       230.6    7.5 12 34 52.45 +01 21 05.8 19.65 19.49 19.22 19.14 19.38 12 34 52.47 +01 21 44.8 20.25 20.33 20.00 19.91 19.94
2QZJ1237-0244A  2QZJ1237-0245B  1.449 1.610  88.3       534.3   45.0 12 37 19.92 -02 44 22.7 19.46 19.51 19.47 19.45 19.57 12 37 20.50 -02 45 50.6 20.80 20.64 20.55 20.25 20.49
2QZJ1238+0003A  2QZJ1237+0004B  0.972 1.195  81.7       462.9   43.6 12 38 01.39 +00 03 23.9 20.68 20.52 20.22 20.24 19.91 12 37 59.24 +00 04 38.9 20.07 20.20 19.99 20.16 20.23
2QZJ1238-0235A  2QZJ1238-0234B  0.837 1.179  73.2       397.0   34.6 12 38 06.49 -02 35 44.3 19.79 19.81 19.83 19.91 19.61 12 38 03.90 -02 34 42.2 20.17 20.17 20.36 20.54 21.16
SDSSJ1239+0209A 2QZJ1239+0207B  0.815 1.099  86.3       463.9  136.6 12 39 28.63 +02 09 20.0 18.93 18.80 18.77 18.99 18.91 12 39 30.69 +02 07 59.4 20.30 20.32 19.91 19.85 19.73
SDSSJ1239+0442A SDSSJ1239+0443B 1.295 1.760  58.6       350.7   37.6 12 39 36.53 +04 42 49.4 18.75 18.74 18.53 18.49 18.57 12 39 32.76 +04 43 05.3 20.47 20.43 20.32 19.97 20.19
2QZJ1239-0219A  SDSSJ1239-0219B 0.965 1.373  54.7       309.7    7.5 12 39 43.56 -02 19 23.4 20.69 20.88 20.68 20.80 20.59 12 39 46.78 -02 19 49.2 18.87 18.94 18.84 18.78 18.78
2QZJ1240+0211A  SDSSJ1240+0212B 1.623 2.008  58.2       353.4   12.8 12 40 48.39 +02 11 21.2 20.93 20.85 20.75 20.57 20.12 12 40 50.05 +02 12 13.8 18.88 18.96 18.97 18.79 18.62
SDSSJ1240+6334A SDSSJ1240+6335B 0.592 0.735  64.7       304.6   17.0 12 40 58.06 +63 34 37.2 19.25 19.11 19.13 18.92 18.81 12 40 49.23 +63 35 03.9 20.20 19.94 19.95 19.91 19.88
2QZJ1243+0102A  SDSSJ1243+0103B 0.719 0.721  88.5       453.6   32.0 12 43 19.54 +01 02 28.6 20.84 20.47 20.41 20.12 19.94 12 43 22.16 +01 03 47.9 18.80 18.48 18.40 18.39 18.31
2QZJ1245+0038A  SDSSJ1245+0038B 1.312 1.791  72.2       433.2   11.6 12 45 26.11 +00 38 27.8 20.91 21.14 21.32 20.92 20.86 12 45 30.61 +00 38 02.1 18.77 18.80 18.86 18.59 18.67
2QZJ1245+0025A  2QZJ1245+0025B  1.668 2.108  80.9       491.8    8.8 12 45 27.77 +00 25 04.2 20.39 20.26 20.19 19.95 19.87 12 45 22.42 +00 25 15.3 19.64 19.48 19.41 19.27 18.96
SDSSJ1249+6230A SDSSJ1250+6230B 1.074 1.400  58.8       341.3   43.9 12 49 53.07 +62 30 24.0 19.16 19.04 18.84 18.95 19.05 12 50 01.32 +62 30 10.1 19.74 19.28 19.21 19.17 19.27
SDSSJ1251+4925A SDSSJ1251+4926B 0.954 1.190  86.4       487.5  598.3 12 51 34.86 +49 25 07.4 19.99 19.42 18.97 18.95 18.82 12 51 31.14 +49 26 25.8 18.80 19.10 18.83 18.79 19.00
2QZJ1251-0106A  2QZJ1251-0106B  1.686 2.111  42.3       257.2   63.8 12 51 45.20 -01 06 42.4 20.87 21.17 21.06 20.85 20.86 12 51 48.02 -01 06 42.3 21.56 21.14 20.61 20.53 20.25
2QZJ1252-0219A  2QZJ1252-0218B  1.797 1.923  54.0       327.6    7.6 12 52 17.73 -02 19 19.9 19.80 19.83 19.87 19.59 19.56 12 52 16.84 -02 18 27.5 19.52 19.66 19.72 19.50 19.45
SDSSJ1254-0221A 2QZJ1254-0221B  1.032 1.222  37.9       218.0   10.5 12 54 07.51 -02 21 09.6 18.64 18.63 18.38 18.42 18.51 12 54 10.02 -02 21 13.6 19.76 19.92 19.68 19.69 19.74
SDSSJ1255+5649A SDSSJ1254+5649B 1.237 1.267  51.7       307.9  142.0 12 55 02.97 +56 49 53.2 19.66 19.61 19.31 19.41 19.60 12 54 56.83 +56 49 41.6 20.62 20.90 20.32 20.11 19.88
2QZJ1255+0038A  SDSSJ1255+0039B 1.039 1.261  62.2       358.1   74.0 12 55 54.59 +00 38 40.0 20.29 20.04 19.72 19.84 19.78 12 55 51.45 +00 39 20.6 19.12 19.24 19.03 18.98 19.05
SDSSJ1257+0024A 2QZJ1257+0024B  1.261 1.284  22.1       132.1   32.0 12 57 03.13 +00 24 35.8 17.33 17.33 17.25 17.31 17.44 12 57 04.25 +00 24 21.3 19.66 19.88 19.69 19.72 19.57
2QZJ1257+0051A  2QZJ1257+0050B  0.882 1.341  77.0       424.5   52.5 12 57 38.17 +00 51 10.9 20.19 20.09 19.96 20.06 19.72 12 57 41.57 +00 50 13.3 21.40 21.21 20.72 20.75 20.41
2QZJ1259-0043A  2QZJ1258-0042B  1.250 1.273  67.7       403.4   89.9 12 59 01.52 -00 43 16.6 19.40 19.46 19.42 19.56 19.52 12 58 57.57 -00 42 43.8 19.48 19.60 19.27 19.36 19.41
2QZJ1259-0054A  SDSSJ1259-0053B 1.288 1.329  68.7       411.4   43.0 12 59 15.55 -00 54 08.6 20.25 20.24 19.78 19.71 19.68 12 59 12.79 -00 53 13.7 18.12 18.10 17.86 17.83 17.85
SDSSJ1259+6421A SDSSJ1259+6421B 1.947 2.259  59.3       357.9  157.1 12 59 25.03 +64 21 39.9 19.52 19.39 19.36 19.23 19.15 12 59 32.24 +64 21 03.5 21.22 20.25 20.23 19.99 19.63
SDSSJ1300-0156A 2QZJ1300-0157B  1.622 1.627  44.5       270.7   37.6 13 00 45.56 -01 56 31.8 18.26 18.26 18.14 17.88 17.90 13 00 44.52 -01 57 13.5 19.81 19.72 19.73 19.59 19.70
2QZJ1302+0000A  SDSSJ1302+0000B 1.573 1.801  86.9       528.0   29.2 13 02 15.85 +00 00 53.2 20.39 20.09 19.91 19.58 19.64 13 02 11.04 +00 00 04.6 18.49 18.50 18.34 17.98 17.92
2QZJ1304-0017A  2QZJ1304-0016B  2.009 2.484  72.6       436.8   52.7 13 04 03.20 -00 17 31.4 19.79 19.81 19.71 19.50 19.23 13 04 01.50 -00 16 23.4 20.59 20.23 20.14 20.17 20.01
SDSSJ1305+4624A SDSSJ1305+4625B 1.646 1.824  57.6       350.3  135.1 13 05 45.74 +46 24 17.7 19.21 18.95 18.74 18.46 18.41 13 05 42.36 +46 25 03.5 19.20 19.32 19.25 18.89 18.75
SDSSJ1305-0248A SDSSJ1305-0246B 1.723 2.027  78.5       476.5   57.6 13 05 54.09 -02 48 15.9 18.85 18.86 18.88 18.67 18.68 13 05 54.10 -02 46 57.4 19.12 19.01 18.86 18.71 18.46
2QZJ1306+0140A  SDSSJ1306+0141B 0.906 0.927  50.8       282.3  581.4 13 06 31.08 +01 40 49.9 19.99 19.87 19.78 19.84 19.82 13 06 34.28 +01 41 06.6 20.92 19.89 19.16 18.89 18.49
SDSSJ1309-0229A 2QZJ1309-0229B  0.832 0.870  78.6       425.0   35.5 13 09 06.92 -02 29 16.5 17.18 16.98 16.89 16.95 16.85 13 09 12.11 -02 29 05.0 19.35 19.40 19.31 19.39 19.26
2QZJ1310-0100A  2QZJ1310-0101B  1.286 1.288  86.0       514.5   16.4 13 10 15.03 -01 00 27.9 19.78 20.03 19.63 19.65 19.62 13 10 09.85 -01 01 04.8 19.62 19.79 19.56 19.56 19.56
2QZJ1310+0043A  SDSSJ1310+0044B 1.588 1.601  65.5       397.9   16.5 13 10 31.42 +00 43 20.1 19.88 19.74 19.78 19.61 19.69 13 10 28.51 +00 44 08.9 19.35 19.23 19.19 18.96 18.95
2QZJ1310-0146A  2QZJ1310-0147B  0.538 0.860  26.2       117.5   94.6 13 10 37.17 -01 46 59.4 22.19 21.56 21.23 20.69 20.18 13 10 38.20 -01 47 20.4 20.16 19.82 19.65 19.79 19.53
SDSSJ1310-0047A SDSSJ1310-0046B 0.722 1.140  79.9       410.1   74.3 13 10 37.36 -00 47 44.0 18.11 17.91 17.90 18.02 17.99 13 10 40.79 -00 46 42.9 19.16 19.24 18.98 19.02 19.16
SDSSJ1311+5549A SDSSJ1311+5548B 0.743 0.872  75.4       391.8   19.6 13 11 39.17 +55 49 22.4 19.04 18.75 18.79 18.81 18.72 13 11 45.25 +55 48 27.0 19.22 19.10 19.12 19.16 19.09
2QZJ1314+0034A  2QZJ1313+0033B  1.855 2.314  83.1       503.4   33.4 13 14 01.60 +00 34 21.4 19.92 19.94 19.79 19.49 19.47 13 13 59.40 +00 33 05.0 21.31 20.88 20.88 20.81 20.57
SDSSJ1314+0224A SDSSJ1314+0225B 1.156 1.200  69.4       408.8   17.2 13 14 52.84 +02 24 18.5 18.23 18.18 17.83 17.86 17.97 13 14 49.42 +02 25 05.4 17.92 17.81 17.58 17.58 17.72
2QZJ1316-0005A  2QZJ1316-0005B  1.651 1.812  74.6       453.5   15.2 13 16 37.07 -00 05 37.1 20.08 19.96 20.02 19.77 19.92 13 16 42.03 -00 05 42.5 20.51 20.48 20.47 20.12 20.01
SDSSJ1316+0530A SDSSJ1316+0531B 0.754 1.054  77.7       405.7  275.3 13 16 46.73 +05 30 30.1 18.79 18.58 18.59 18.71 18.61 13 16 43.98 +05 31 36.0 19.56 19.08 18.80 18.78 18.70
2QZJ1318+0021A  SDSSJ1318+0022B 1.713 2.072  64.7       392.8   19.0 13 18 55.15 +00 21 12.1 20.11 20.00 20.04 19.83 19.86 13 18 53.45 +00 22 11.6 18.84 18.78 18.65 18.58 18.44
SDSSJ1325+0404A SDSSJ1325+0404B 1.284 1.693  63.3       378.9   50.0 13 25 08.63 +04 04 14.0 19.28 19.22 18.95 18.91 19.10 13 25 12.85 +04 04 17.4 19.35 19.20 19.14 18.92 18.94
SDSSJ1325+0138A 2QZJ1325+0139B  1.343 1.733  85.2       512.5   49.9 13 25 11.47 +01 38 54.7 18.67 18.75 18.43 18.33 18.51 13 25 16.51 +01 39 34.0 21.03 21.00 20.76 20.28 20.22
2QZJ1327-0239A  SDSSJ1327-0239B 1.040 1.461  51.4       296.3   25.4 13 27 19.63 -02 39 05.6 20.41 20.26 20.02 20.09 20.03 13 27 20.50 -02 39 55.3 18.29 18.28 18.17 18.05 18.09
SDSSJ1327-0230A 2QZJ1327-0231B  2.350 2.360  76.2       448.3   42.9 13 27 58.84 -02 30 25.4 19.61 19.13 18.93 18.99 18.92 13 27 59.78 -02 31 40.3 20.44 19.66 19.71 19.64 19.29
2QZJ1328+0057A  SDSSJ1328+0056B 1.833 2.023  57.0       345.6   16.6 13 28 08.54 +00 57 03.3 20.12 20.16 20.25 19.88 19.85 13 28 12.10 +00 56 43.2 18.40 18.48 18.39 18.14 18.01
2QZJ1328+0057A  SDSSJ1328+0056B 1.526 2.023  70.6       428.5    9.5 13 28 11.76 +00 57 53.6 20.64 20.56 20.44 20.28 20.28 13 28 12.10 +00 56 43.2 18.40 18.48 18.39 18.14 18.01
2QZJ1328+0057A  2QZJ1328+0057B  1.526 1.833  69.8       423.4   18.0 13 28 11.76 +00 57 53.6 20.64 20.56 20.44 20.28 20.28 13 28 08.54 +00 57 03.3 20.12 20.16 20.25 19.88 19.85
2QZJ1328-0157A  2QZJ1328-0157B  2.361 2.371  52.6       309.5   26.8 13 28 33.64 -01 57 27.9 20.46 19.92 19.78 19.77 19.75 13 28 30.14 -01 57 32.8 19.86 19.49 19.52 19.55 19.42
2QZJ1332+0059A  SDSSJ1332+0059B 1.046 1.532  63.0       363.5   22.6 13 32 14.74 +00 59 40.5 18.97 19.04 18.84 18.87 19.08 13 32 10.88 +00 59 15.7 19.99 19.87 19.83 19.70 19.75
SDSSJ1332+0102A 2QZJ1332+0102B  1.756 2.186  76.2       462.5   68.5 13 32 41.02 +01 02 37.7 18.69 18.61 18.66 18.46 18.43 13 32 45.93 +01 02 57.5 21.07 20.80 20.50 20.51 20.15
2QZJ1337+0123A  SDSSJ1337+0123B 1.783 2.230  42.3       256.9   33.8 13 37 45.90 +01 23 58.0 20.99 20.80 20.82 20.34 20.57 13 37 43.11 +01 23 51.5 19.65 19.23 19.10 19.02 18.76
2QZJ1338+0155A  SDSSJ1338+0155B 1.676 1.967  35.5       215.4   11.9 13 38 46.48 +01 55 21.7 21.16 21.10 21.22 20.88 21.37 13 38 44.44 +01 55 03.6 18.65 18.66 18.59 18.45 18.27
2QZJ1339-0019A  2QZJ1339-0020B  1.347 1.823  68.0       409.3   41.1 13 39 04.37 -00 19 44.4 19.87 20.04 19.84 19.88 20.02 13 39 01.21 -00 20 33.3 20.29 20.35 20.28 20.02 19.91
2QZJ1339-0102A  SDSSJ1339-0102B 1.545 1.632  36.5       221.4   51.6 13 39 21.15 -01 02 46.6 19.76 19.67 19.52 19.31 19.26 13 39 21.20 -01 02 10.2 19.16 18.70 18.68 18.51 18.45
2QZJ1341+0108A  SDSSJ1341+0109B 2.207 2.446  54.8       325.8  114.2 13 41 15.56 +01 08 12.7 18.87 18.67 18.99 18.85 18.43 13 41 14.96 +01 09 06.8 18.20 18.20 18.61 18.61 18.25
SDSSJ1343-0155A SDSSJ1343-0156B 1.427 1.430  63.5       384.1    4.7 13 43 16.15 -01 55 15.0 19.73 19.71 19.61 19.65 19.71 13 43 14.72 -01 56 14.9 18.43 18.38 18.26 18.23 18.30
SDSSJ1348+6036A SDSSJ1349+6036B 1.629 1.716  73.2       444.7    9.3 13 48 56.54 +60 36 03.3 20.40 20.05 20.03 19.75 19.78 13 49 06.48 +60 36 02.8 20.58 20.45 20.50 20.20 20.45
2QZJ1350-0117A  2QZJ1350-0118B  2.178 2.663  78.0       464.8   18.3 13 50 01.69 -01 17 03.1 20.43 20.10 19.94 19.77 19.53 13 50 03.05 -01 18 18.4 21.55 20.91 20.73 20.87 20.73
2QZJ1350-0057A  SDSSJ1350-0056B 1.227 1.643  15.3        91.0  364.0 13 50 29.38 -00 57 07.6 19.29 19.14 18.90 18.92 18.98 13 50 29.12 -00 56 52.9 21.53 20.83 20.19 19.72 19.46
SDSSJ1350-0312A SDSSJ1350-0312B 0.714 1.178  84.6       432.6  761.8 13 50 34.84 -03 12 26.6 24.33 22.57 20.95 19.88 19.63 13 50 40.48 -03 12 31.3 19.07 18.95 18.71 18.83 18.95
SDSSJ1351+0144A SDSSJ1351+0145B 1.095 1.523  80.6       469.6  133.5 13 51 31.67 +01 44 02.6 19.60 19.45 19.14 19.27 19.30 13 51 35.43 +01 45 00.0 20.13 20.00 19.77 19.45 19.47
2QZJ1352-0212A  SDSSJ1352-0212B 1.556 1.742  50.7       307.8    7.3 13 52 15.56 -02 12 40.6 19.57 19.43 19.39 19.21 19.35 13 52 12.21 -02 12 48.4 19.18 18.94 18.99 18.76 18.81
SDSSJ1354+6304A SDSSJ1353+6305B 1.447 1.698  85.9       520.0   76.3 13 54 09.25 +63 04 49.6 18.99 19.27 19.01 18.87 18.88 13 53 58.25 +63 05 32.1 20.03 20.01 20.10 19.81 19.77
2QZJ1354-0108A  2QZJ1354-0107B  1.986 1.993  55.5       334.2   37.1 13 54 40.40 -01 08 45.4 19.48 19.54 19.46 19.29 19.21 13 54 39.97 -01 07 50.3 20.40 20.13 19.99 19.85 19.64
SDSSJ1356+5812A SDSSJ1355+5813B 3.134 3.392  89.2       489.4    0.8 13 56 07.52 +58 12 36.4 24.15 20.79 20.24 20.21 20.15 13 55 57.56 +58 13 18.4 23.61 20.06 19.53 19.44 19.35
SDSSJ1356+6133A SDSSJ1356+6133B 2.017 2.171  22.9       137.6   17.0 13 56 32.44 +61 33 00.7 20.66 20.44 20.32 20.23 20.16 13 56 29.54 +61 33 10.4 20.43 20.18 20.13 19.77 19.59
2QZJ1357+0131A  SDSSJ1357+0131B 2.016 2.101  50.1       301.4   22.4 13 57 55.06 +01 31 23.7 19.79 19.83 19.96 19.77 19.71 13 57 51.84 +01 31 37.3 19.66 19.49 19.48 19.47 19.25
SDSSJ1358+6107A SDSSJ1357+6108B 1.570 1.813  78.7       478.2    6.5 13 58 06.92 +61 07 52.6 19.35 19.21 19.14 18.96 19.07 13 57 56.54 +61 08 16.0 19.19 19.18 19.29 19.02 19.06
SDSSJ1359+4003A SDSSJ1359+4002B 1.664 2.014  71.3       433.2   36.9 13 59 06.78 +40 03 13.2 18.82 18.60 18.58 18.38 18.40 13 59 10.78 +40 02 18.7 18.96 18.90 18.74 18.56 18.37
SDSSJ1359+4657A SDSSJ1359+4656B 0.642 0.814  66.9       327.1   80.0 13 59 30.54 +46 57 29.0 19.10 18.69 18.71 18.55 18.56 13 59 29.86 +46 56 22.4 18.94 18.61 18.54 18.69 18.54
SDSSJ1402+4701A SDSSJ1402+4701B 1.917 2.272  16.0        96.9   28.0 14 02 08.10 +47 01 11.1 20.44 20.28 20.31 20.02 20.00 14 02 09.53 +47 01 17.8 20.80 20.36 20.36 20.36 20.15
SDSSJ1406+5106A SDSSJ1406+5106B 1.593 1.976  61.9       376.2   56.3 14 06 44.55 +51 06 45.6 18.87 18.62 18.62 18.42 18.60 14 06 51.00 +51 06 57.3 19.23 19.25 19.28 19.07 18.92
2QZJ1409-0153A  SDSSJ1409-0153B 1.345 1.361  59.2       356.1   66.1 14 09 54.95 -01 53 42.5 19.56 19.60 19.44 19.33 19.38 14 09 51.10 -01 53 29.1 19.63 19.23 18.87 18.85 18.88
SDSSJ1410+5534A SDSSJ1410+5535B 1.845 2.118  64.2       389.0   66.4 14 10 19.58 +55 34 37.9 19.17 18.90 18.69 18.38 18.31 14 10 18.79 +55 35 41.8 19.67 19.30 19.14 19.08 18.98
SDSSJ1413-0125A 2QZJ1413-0126B  0.679 0.885  76.3       382.3   12.7 14 13 33.21 -01 25 11.7 20.17 19.66 19.62 19.61 19.45 14 13 36.16 -01 26 13.9 19.71 19.34 19.14 19.20 19.06
SDSSJ1413+5234A SDSSJ1413+5235B 0.860 1.196  67.9       371.5   52.3 14 13 53.00 +52 34 44.4 19.67 19.48 19.41 19.59 19.43 14 13 47.10 +52 35 25.9 19.10 19.13 18.83 18.88 19.09
SDSSJ1415+0410A SDSSJ1415+0410B 0.537 0.644  56.2       251.8  137.1 14 15 30.32 +04 10 59.5 23.18 20.28 20.38 20.13 19.93 14 15 31.34 +04 10 05.5 17.96 17.53 17.64 17.65 17.76
SDSSJ1415-0150A 2QZJ1415-0151B  1.606 1.899  29.6       180.0   39.0 14 15 51.75 -01 50 53.9 18.67 18.70 18.48 18.28 18.39 14 15 50.15 -01 51 11.2 19.59 19.47 19.45 19.25 19.23
SDSSJ1416+5029A SDSSJ1416+5028B 1.725 1.933  70.0       425.4  412.1 14 16 09.15 +50 29 25.7 19.54 19.36 19.37 19.13 19.13 14 16 09.43 +50 28 15.7 19.30 18.65 18.14 17.79 18.00
SDSSJ1416+4653A SDSSJ1416+4653B 1.349 1.487  44.4       267.2   69.0 14 16 43.36 +46 53 47.0 19.45 19.24 18.95 18.89 18.84 14 16 39.42 +46 53 28.6 20.45 20.15 19.86 19.53 19.48
SDSSJ1419+0309A SDSSJ1419+0310B 1.713 1.998  43.6       264.8   18.6 14 19 32.62 +03 09 57.4 20.46 20.35 20.38 20.23 20.20 14 19 34.02 +03 10 35.6 18.69 18.77 18.67 18.45 18.22
2QZJ1420-0030A  2QZJ1420-0029B  0.577 1.028  56.1       261.0  107.8 14 20 56.76 -00 30 23.7 19.24 19.38 19.43 19.12 19.07 14 20 56.51 -00 29 27.8 19.30 19.26 19.08 19.11 19.08
2QZJ1427+0006A  2QZJ1427+0006B  1.439 1.491  20.8       125.8   79.4 14 27 42.29 +00 06 27.6 19.61 19.81 19.50 19.51 19.48 14 27 42.98 +00 06 09.6 19.87 19.61 19.41 19.23 19.42
2QZJ1432-0000A  SDSSJ1432-0001B 2.072 2.480  88.5       530.9  353.5 14 32 26.57 -00 00 04.8 20.52 20.41 20.49 20.27 20.00 14 32 23.10 -00 01 16.5 22.84 20.96 20.41 20.05 19.49
SDSSJ1432+6026A SDSSJ1432+6025B 1.567 1.823  70.8       429.9   75.8 14 32 30.58 +60 26 37.9 19.43 19.22 19.05 18.75 18.80 14 32 38.05 +60 25 53.7 18.59 18.59 18.64 18.39 18.43
SDSSJ1433+3855A SDSSJ1433+3856B 1.617 1.844  65.0       394.8   61.1 14 33 18.70 +38 55 37.3 18.80 18.70 18.69 18.49 18.46 14 33 15.25 +38 56 28.3 19.45 19.57 19.67 19.22 19.15
2QZJ1435+0008A  2QZJ1435+0009B  2.373 2.382  33.2       194.9    7.0 14 35 08.36 +00 08 44.6 21.09 20.58 20.45 20.56 20.36 14 35 06.46 +00 09 01.7 20.23 19.77 19.76 19.90 19.71
SDSSJ1435-0205A 2QZJ1435-0206B  1.692 2.158  56.5       343.1   35.4 14 35 47.17 -02 05 47.2 19.37 19.21 19.15 18.91 18.99 14 35 48.58 -02 06 39.6 19.93 19.71 19.67 19.60 19.30
SDSSJ1436+0100A SDSSJ1436+0059B 0.885 0.988  64.7       356.9   40.1 14 36 07.34 +01 00 36.4 20.48 20.33 20.30 20.20 19.89 14 36 10.83 +00 59 58.3 19.00 19.06 19.01 19.15 19.08
SDSSJ1437+0024A 2QZJ1437+0024B  1.436 1.816  66.7       403.3  126.6 14 37 48.59 +00 24 47.1 20.27 20.04 19.70 19.51 19.49 14 37 52.73 +00 24 22.8 20.83 20.35 19.99 19.41 19.36
2QZJ1438-0047A  2QZJ1438-0045B  1.192 1.491  88.2       521.9   39.5 14 38 21.27 -00 47 04.5 21.47 21.35 20.84 20.85 20.49 14 38 23.07 -00 45 40.6 19.66 19.53 19.40 19.21 19.22
SDSSJ1438+4110A SDSSJ1438+4111B 1.012 1.441  87.3       499.7   90.9 14 38 23.36 +41 10 46.0 18.96 18.96 18.87 18.94 18.94 14 38 16.50 +41 11 26.5 19.16 19.29 19.04 18.89 18.89
2QZJ1440-0043A  2QZJ1440-0044B  0.542 0.904  68.0       306.2   56.6 14 40 09.90 -00 43 29.7 20.10 19.91 20.08 19.83 19.93 14 40 10.17 -00 44 37.6 19.42 19.26 19.17 19.20 19.19
SDSSJ1440-0151A 2QZJ1440-0150B  2.102 2.123  66.5       397.8   19.2 14 40 42.45 -01 51 56.8 19.46 19.30 19.14 19.03 19.04 14 40 40.21 -01 50 59.4 20.71 20.57 20.57 20.48 20.11
2QZJ1442-0125A  2QZJ1442-0126B  1.638 2.112  72.2       438.6   17.5 14 42 08.47 -01 25 29.1 20.92 20.64 20.60 20.27 20.19 14 42 12.68 -01 26 03.9 20.55 20.23 20.03 19.92 19.50
SDSSJ1442+0137A SDSSJ1442+0137B 1.805 2.277  15.7        94.9   70.6 14 42 32.92 +01 37 30.4 19.59 19.52 19.54 19.37 19.34 14 42 31.92 +01 37 34.8 19.10 18.58 18.55 18.53 18.38
SDSSJ1444+4124A SDSSJ1444+4125B 1.636 2.080  60.7       368.8    0.0 14 44 12.23 +41 24 56.6 19.93 19.77 19.77 19.54 19.52 14 44 12.13 +41 25 57.3  0.00  0.00  0.00  0.00  0.00
SDSSJ1448+4948A SDSSJ1448+4948B 2.087 2.093  81.2       486.4   17.4 14 48 53.02 +49 48 18.1 20.68 20.34 20.21 20.16 19.84 14 48 44.81 +49 48 34.9 20.24 20.17 20.19 19.94 19.58
SDSSJ1449+5809A SDSSJ1449+5810B 1.835 1.952  60.2       364.8   64.3 14 49 51.92 +58 09 53.1 20.07 19.99 19.86 19.42 19.42 14 49 48.43 +58 10 46.6 18.95 18.85 18.80 18.60 18.53
SDSSJ1454+5230A SDSSJ1454+5229B 1.442 1.924  57.5       347.9  107.5 14 54 11.43 +52 30 04.4 19.54 19.12 18.96 18.86 18.91 14 54 13.56 +52 29 10.3 19.95 19.48 19.31 18.97 18.83
SDSSJ1454+4002A SDSSJ1454+4004B 1.457 1.824  82.5       499.3  449.7 14 54 25.25 +40 02 44.7 20.29 19.62 19.11 18.80 18.67 14 54 22.93 +40 04 02.8 19.99 19.86 19.88 19.59 19.56
SDSSJ1455+0241A SDSSJ1455+0241B 1.111 1.428  73.1       427.2   42.4 14 55 35.37 +02 41 17.5 18.35 18.31 18.18 18.24 18.32 14 55 40.20 +02 41 07.1 19.60 19.69 19.51 19.41 19.28
SDSSJ1457+5744A SDSSJ1457+5744B 2.009 2.127  73.6       442.6  122.7 14 57 47.54 +57 44 23.8 19.31 19.26 19.24 19.07 18.89 14 57 56.26 +57 44 47.2 19.87 19.67 19.47 19.17 19.00
SDSSJ1457+0235A SDSSJ1457+0236B 1.607 1.789  80.0       486.1   37.7 14 57 50.95 +02 35 39.8 20.38 20.09 19.99 19.77 19.70 14 57 50.46 +02 36 59.4 19.73 19.78 19.81 19.47 19.54
SDSSJ1458+5724A SDSSJ1459+5724B 0.968 1.455  85.4       483.6   17.5 14 58 54.68 +57 24 17.5 18.94 18.81 18.61 18.64 18.55 14 59 05.12 +57 24 04.4 19.40 19.29 19.13 19.01 19.07
SDSSJ1502+4607A SDSSJ1502+4607B 0.633 0.887  71.4       346.9   34.7 15 02 20.11 +46 07 24.6 20.92 20.29 20.30 20.03 20.00 15 02 13.28 +46 07 31.9 20.46 20.27 20.10 20.07 19.86
SDSSJ1508+4556A SDSSJ1508+4557B 1.573 1.845  86.8       527.0   14.4 15 08 45.69 +45 56 14.7 19.60 19.34 19.29 19.19 19.23 15 08 51.83 +45 57 13.3 20.31 20.13 20.10 19.89 19.71
SDSSJ1514+5746A SDSSJ1514+5746B 1.750 1.927  66.1       401.0  214.7 15 14 03.57 +57 46 26.3 19.90 19.91 19.97 19.66 19.68 15 14 11.43 +57 46 06.2 20.19 20.12 19.70 19.36 19.18
SDSSJ1515+4523A SDSSJ1515+4523B 1.880 1.959  59.8       362.0   24.8 15 15 49.80 +45 23 27.5 19.70 19.54 19.56 19.25 19.28 15 15 55.27 +45 23 43.7 19.51 19.39 19.35 19.25 19.02
SDSSJ1518+0052A SDSSJ1518+0052B 0.808 1.043  76.2       408.2   22.2 15 18 01.91 +00 52 03.3 19.18 19.08 18.97 18.95 18.75 15 18 06.62 +00 52 31.9 19.06 18.95 18.72 18.74 18.73
SDSSJ1520-0025A SDSSJ1520-0025B 0.976 1.287  37.9       215.1   14.2 15 20 15.47 -00 25 39.4 19.40 19.31 19.19 19.26 19.37 15 20 15.64 -00 25 01.6 18.94 18.88 18.68 18.69 18.84
SDSSJ1521+3110A SDSSJ1521+3111B 1.512 1.647  72.7       440.8   29.1 15 21 16.54 +31 10 27.0 19.07 18.79 18.72 18.52 18.60 15 21 19.88 +31 11 25.7 18.98 18.72 18.75 18.65 18.65
SDSSJ1525+4927A SDSSJ1525+4925B 1.298 1.707  77.0       461.6   93.3 15 25 44.93 +49 27 07.9 19.11 19.22 18.88 18.90 19.02 15 25 44.07 +49 25 51.3 19.00 19.01 18.93 18.68 18.58
SDSSJ1527+0347A SDSSJ1527+0347B 1.397 1.640  69.1       416.9   57.0 15 27 26.03 +03 47 05.3 19.32 19.26 19.23 19.20 19.23 15 27 21.42 +03 47 07.7 18.65 18.48 18.43 18.20 18.24
SDSSJ1528+4644A SDSSJ1528+4643B 1.699 1.930  76.1       462.2   21.0 15 28 03.88 +46 44 17.5 19.79 19.63 19.60 19.34 19.39 15 28 10.58 +46 43 45.3 19.97 19.77 19.65 19.36 19.18
SDSSJ1535+3118A SDSSJ1535+3119B 1.512 1.829  72.6       440.4   96.1 15 35 03.44 +31 18 32.1 18.27 18.07 17.96 17.75 17.81 15 35 07.30 +31 19 25.2 19.73 19.78 19.89 19.53 19.60
SDSSJ1535+3249A SDSSJ1535+3250B 1.895 2.277  75.4       455.9   41.2 15 35 36.46 +32 49 00.8 19.21 18.92 18.82 18.69 18.59 15 35 38.39 +32 50 12.2 20.91 20.26 20.37 20.08 19.79
SDSSJ1540+3045A SDSSJ1540+3044B 1.707 1.893  77.2       469.1  115.9 15 40 12.90 +30 45 19.7 19.11 18.92 18.77 18.43 18.29 15 40 17.98 +30 44 38.8 18.35 18.34 18.30 18.03 17.96
SDSSJ1545+3154A SDSSJ1545+3154B 1.110 1.219  67.1       391.9    0.0 15 45 50.69 +31 54 44.1 20.64 20.49 20.32 20.53 20.71 15 45 55.70 +31 54 23.2  0.00  0.00  0.00  0.00  0.00
SDSSJ1546+4728A SDSSJ1546+4727B 1.890 1.900  62.6       378.7    1.0 15 46 34.35 +47 28 47.9 19.31 19.26 19.18 18.91 18.84 15 46 31.40 +47 27 52.9 19.29 19.22 19.17 18.88 18.77
SDSSJ1550+5551A SDSSJ1550+5552B 1.056 1.403  87.9       508.3   92.3 15 50 23.15 +55 51 48.7 19.63 19.30 18.95 19.00 19.00 15 50 32.91 +55 52 20.0 19.24 19.24 19.08 19.01 19.06
SDSSJ1553+2816A SDSSJ1553+2816B 0.809 0.949  62.0       332.3  119.8 15 53 35.36 +28 16 18.6 19.38 18.77 18.87 18.99 18.71 15 53 30.67 +28 16 22.8 17.65 17.44 17.30 17.37 17.31
SDSSJ1555+4252A SDSSJ1555+4253B 1.555 1.696  72.4       439.8    5.9 15 55 56.28 +42 52 00.3 20.27 19.98 19.96 19.76 19.84 15 55 57.07 +42 53 12.2 18.69 18.53 18.50 18.31 18.30
SDSSJ1556-0036A SDSSJ1555-0036B 0.753 0.763  81.6       426.2    6.4 15 56 01.32 -00 36 59.3 19.10 18.80 18.78 18.88 18.78 15 55 57.07 -00 36 08.4 17.58 17.37 17.30 17.37 17.34
SDSSJ1601+4229A SDSSJ1601+4229B 1.532 1.969  29.5       178.9  209.5 16 01 08.44 +42 29 37.6 18.86 18.61 18.31 18.07 18.08 16 01 06.19 +42 29 53.4 19.20 19.21 19.14 18.97 18.88
SDSSJ1612+3204A SDSSJ1612+3205B 1.464 1.841  66.3       401.7    8.6 16 12 02.82 +32 04 24.2 19.85 19.77 19.66 19.53 19.40 16 12 06.05 +32 05 16.3 18.81 18.78 18.72 18.46 18.43
SDSSJ1624+4400A SDSSJ1624+4359B 1.743 1.929  71.8       435.8   16.4 16 24 41.98 +44 00 48.7 19.44 19.33 19.32 19.06 19.08 16 24 43.99 +43 59 40.3 18.59 18.58 18.56 18.37 18.25
SDSSJ1630+3846A SDSSJ1630+3847B 1.513 1.530  88.1       534.2   36.9 16 30 17.67 +38 46 00.1 20.58 20.06 19.71 19.55 19.39 16 30 23.13 +38 47 00.7 19.24 19.07 18.84 18.65 18.67
SDSSJ1633+2227A SDSSJ1633+2228B 1.889 2.366  60.9       368.5  150.1 16 33 05.86 +22 27 19.7 19.32 19.14 19.10 18.86 18.94 16 33 05.68 +22 28 20.6 19.27 18.70 18.73 18.71 18.45
SDSSJ1634+2225A SDSSJ1634+2226B 1.752 1.850  80.4       487.8    4.7 16 34 41.19 +22 25 57.2 19.33 19.29 19.29 19.00 19.11 16 34 46.92 +22 26 09.5 20.02 19.99 20.06 19.71 19.70
SDSSJ1636+2511A SDSSJ1636+2510B 1.189 1.563  69.7       412.3  133.6 16 36 28.97 +25 11 57.8 18.78 18.70 18.55 18.55 18.63 16 36 26.39 +25 10 57.6 20.96 20.65 20.28 20.07 20.01
SDSSJ1656+3510A SDSSJ1656+3510B 0.626 0.805  69.3       334.8   57.2 16 56 08.36 +35 10 18.2 20.93 20.30 20.38 20.30 20.38 16 56 14.00 +35 10 14.7 17.49 17.39 17.39 17.44 17.42
SDSSJ1707+3329A SDSSJ1707+3329B 1.711 1.728  75.4       457.9   46.6 17 07 57.55 +33 29 34.4 18.23 17.94 17.90 17.71 17.71 17 07 51.64 +33 29 20.1 18.97 18.80 18.82 18.63 18.66
SDSSJ1717+3039A SDSSJ1717+3040B 0.726 0.823  76.4       393.5   16.2 17 17 32.64 +30 39 25.7 19.83 19.37 19.37 19.52 19.48 17 17 35.85 +30 40 29.9 19.93 19.65 19.63 19.69 19.68
SDSSJ1717+2944A SDSSJ1717+2943B 1.834 2.033  89.2       540.3   23.0 17 17 41.64 +29 44 37.4 20.14 19.98 19.92 19.69 19.65 17 17 43.57 +29 43 11.8 20.16 20.06 20.02 19.66 19.37
SDSSJ1720+6210A SDSSJ1720+6209B 0.728 1.009  66.4       342.4   22.1 17 20 42.38 +62 10 09.8 20.61 20.22 20.08 20.19 19.74 17 20 51.15 +62 09 44.5 18.85 18.68 18.45 18.56 18.64
SDSSJ1723+5413A SDSSJ1724+5412B 0.601 1.000  59.2       280.8   55.5 17 23 57.02 +54 13 07.8 20.25 19.87 19.91 19.70 20.04 17 24 00.32 +54 12 16.1 19.93 19.78 19.51 19.54 19.62
SDSSJ1729+5344A SDSSJ1729+5343B 1.301 1.573  72.5       434.7   74.1 17 29 05.59 +53 44 24.3 19.02 19.10 18.85 18.93 18.94 17 29 09.92 +53 43 22.8 19.61 19.43 19.33 19.12 19.09
SDSSJ2038+0030A SDSSJ2038+0030B 1.639 1.797  85.2       517.5   20.2 20 38 22.99 +00 30 17.5 19.93 19.91 19.91 19.78 19.88 20 38 17.37 +00 30 29.8 19.79 19.92 20.03 19.75 19.70
SDSSJ2040+0032A SDSSJ2040+0033B 1.230 1.476  83.8       498.2   21.8 20 40 03.06 +00 32 56.5 19.69 19.73 19.57 19.61 19.75 20 40 08.25 +00 33 27.3 19.51 19.44 19.32 19.21 19.37
SDSSJ2043-0011A SDSSJ2043-0012B 1.312 1.506  71.0       426.1   98.5 20 43 05.91 -00 11 37.1 18.83 19.01 18.63 18.70 18.78 20 43 03.19 -00 12 35.3 19.58 19.63 19.55 19.41 19.56
SDSSJ2046-0023A SDSSJ2046-0023B 1.364 1.598  45.6       274.7   93.1 20 46 46.22 -00 23 46.1 20.77 20.39 19.96 19.72 19.65 20 46 47.97 -00 23 08.9 19.69 19.41 19.30 19.00 19.07
SDSSJ2050-0104A SDSSJ2050-0104B 0.511 0.972  67.3       293.8   27.7 20 50 43.61 -01 04 39.3 20.17 19.93 19.96 19.73 19.36 20 50 48.06 -01 04 47.3 20.60 20.47 20.22 20.13 19.74
SDSSJ2053-0035A SDSSJ2053-0036B 1.043 1.260  64.5       372.1   11.5 20 53 06.29 -00 35 30.1 20.38 20.23 19.96 19.98 19.71 20 53 03.06 -00 36 12.7 18.05 17.96 17.66 17.58 17.52
SDSSJ2102-0048A SDSSJ2102-0049B 0.936 1.298  31.3       175.5   24.8 21 02 25.33 -00 48 41.9 18.30 18.21 18.20 18.25 18.28 21 02 26.98 -00 49 01.1 18.80 18.81 18.66 18.69 18.74
SDSSJ2114+1024A SDSSJ2114+1023B 1.254 1.382  88.6       528.5   35.8 21 14 44.77 +10 24 12.9 19.08 19.24 18.98 18.95 19.10 21 14 39.51 +10 23 30.0 18.34 18.35 18.22 18.25 18.31
SDSSJ2119+0009A SDSSJ2119+0009B 1.567 1.877  51.8       314.9   64.3 21 19 21.60 +00 09 07.2 19.18 18.81 18.68 18.49 18.57 21 19 19.76 +00 09 51.0 20.35 20.46 20.56 20.15 20.47
SDSSJ2136-0100A SDSSJ2136-0100B 0.927 1.149  82.7       462.4  248.2 21 36 48.32 -01 00 25.4 18.75 18.68 18.60 18.66 18.59 21 36 53.83 -01 00 26.3 19.07 18.85 18.41 18.39 18.55
SDSSJ2141+0107A SDSSJ2141+0108B 1.191 1.322  36.3       214.7  401.1 21 41 13.38 +01 07 51.1 18.67 18.59 18.36 18.37 18.57 21 41 11.57 +01 08 15.3 20.15 19.66 19.03 18.96 19.06
SDSSJ2157+0015A SDSSJ2157+0015B 2.545 2.574  20.8       120.8   58.4 21 57 28.36 +00 15 45.6 20.15 19.55 19.28 19.11 18.83 21 57 27.26 +00 15 58.4 20.99 20.46 20.45 20.37 20.30
SDSSJ2159-0016A SDSSJ2159-0016B 1.312 1.756  76.4       458.1  189.0 21 59 16.91 -00 16 20.7 18.35 18.24 18.01 18.15 18.11 21 59 22.00 -00 16 20.0 19.47 19.33 19.33 19.05 19.19
SDSSJ2203-0014A SDSSJ2203-0015B 1.974 2.110  81.8       493.0  328.0 22 03 12.65 -00 14 44.3 20.36 19.93 19.47 19.09 18.85 22 03 17.79 -00 15 11.8 19.93 19.99 19.93 19.85 19.74
SDSSJ2204-0025A SDSSJ2204-0026B 1.798 1.837  45.6       276.2    5.3 22 04 30.39 -00 25 28.0 20.58 20.32 20.38 20.04 19.93 22 04 30.44 -00 26 13.5 19.90 19.79 19.81 19.50 19.68
SDSSJ2205+0031A SDSSJ2205+0031B 1.653 1.869  47.5       288.7   16.9 22 05 01.20 +00 31 22.9 20.50 20.24 20.19 19.93 19.95 22 05 03.90 +00 31 47.6 19.69 19.59 19.66 19.27 19.27
SDSSJ2206-0039A SDSSJ2206-0038B 1.231 1.516  13.1        77.8   38.2 22 06 44.48 -00 39 06.2 19.56 19.51 19.23 19.19 19.20 22 06 44.59 -00 38 53.2 19.80 19.66 19.64 19.51 19.63
SDSSJ2212-0045A SDSSJ2212-0045B 1.205 1.419  48.7       288.8   12.9 22 12 52.56 -00 45 36.3 20.21 20.23 19.91 20.00 19.97 22 12 55.21 -00 45 08.3 20.42 20.23 19.96 19.88 19.89
SDSSJ2214+0037A SDSSJ2214+0036B 1.477 1.900  87.9       532.5   98.6 22 14 39.31 +00 37 14.5 19.15 18.84 18.76 18.63 18.75 22 14 33.57 +00 36 56.4 20.54 20.18 19.86 19.53 19.60
SDSSJ2219+0034A SDSSJ2219+0032B 1.548 2.017  82.4       500.0   20.1 22 19 42.45 +00 34 15.3 19.99 19.74 19.83 19.69 19.95 22 19 42.27 +00 32 53.0 20.26 20.28 20.41 20.22 20.02
SDSSJ2224-0102A SDSSJ2224-0103B 1.603 1.603  60.3       366.5    6.5 22 24 46.92 -01 02 45.6 19.56 19.27 19.17 18.92 19.02 22 24 49.73 -01 03 28.8 19.12 18.87 18.78 18.59 18.72
SDSSJ2226+0044A SDSSJ2226+0045B 1.630 1.888  71.9       436.8    4.0 22 26 48.67 +00 44 25.2 20.24 20.10 20.13 19.87 20.09 22 26 45.56 +00 45 19.9 18.50 18.40 18.38 18.19 18.24
SDSSJ2233-0839A SDSSJ2233-0838B 1.992 2.341  88.5       532.6  219.1 22 33 44.39 -08 39 18.4 18.91 18.54 18.61 18.56 18.41 22 33 38.68 -08 38 53.1 19.00 17.97 18.15 17.98 17.76
SDSSJ2233-0100A SDSSJ2233-0058B 2.325 2.412  80.7       475.8   32.2 22 33 58.88 -01 00 00.5 19.16 18.76 18.67 18.71 18.66 22 33 59.83 -00 58 41.1 20.18 19.51 19.64 19.65 19.48
SDSSJ2239+0051A SDSSJ2239+0050B 1.085 1.569  74.6       434.0   34.0 22 39 35.91 +00 51 32.2 20.39 20.13 19.78 19.80 19.63 22 39 38.45 +00 50 28.1 19.96 19.73 19.61 19.45 19.52
SDSSJ2243-0107A SDSSJ2243-0107B 0.995 1.105  64.1       365.5    4.9 22 43 38.02 -01 07 22.9 20.30 20.14 19.91 19.79 19.73 22 43 41.91 -01 07 49.2 20.26 20.02 19.71 19.61 19.61
SDSSJ2244+0055A SDSSJ2244+0055B 0.530 0.743  80.3       357.9  106.2 22 44 17.99 +00 55 30.0 20.33 20.25 20.08 19.86 19.95 22 44 23.33 +00 55 24.9 18.98 18.76 18.77 18.87 18.66
SDSSJ2244-0053A SDSSJ2244-0053B 1.603 1.690  73.8       448.6   36.0 22 44 39.73 -00 53 16.8 20.60 20.31 20.13 19.84 20.02 22 44 34.91 -00 53 01.8 21.07 20.80 20.58 20.09 19.79
SDSSJ2248-0039A SDSSJ2248-0041B 1.459 1.619  72.8       441.0   44.8 22 48 28.37 -00 39 56.3 19.58 19.61 19.34 19.22 19.39 22 48 28.16 -00 41 09.0 21.03 20.56 20.34 20.05 19.84
SDSSJ2259-0006A SDSSJ2259-0007B 1.968 1.992  86.3       520.3   16.5 22 59 49.11 -00 06 54.3 18.56 18.53 18.52 18.40 18.35 22 59 44.89 -00 07 53.0 20.23 20.05 19.94 19.88 19.74
SDSSJ2301-0023A SDSSJ2301-0024B 1.783 1.886  55.6       337.1   35.1 23 01 06.41 -00 23 07.0 19.34 19.27 19.34 19.13 19.31 23 01 05.80 -00 24 01.8 19.79 19.54 19.50 19.34 19.24
SDSSJ2309-0002A SDSSJ2309-0001B 1.710 2.111  76.6       465.1   18.6 23 09 56.01 -00 02 39.7 19.48 19.41 19.45 19.26 19.28 23 09 57.66 -00 01 27.2 20.16 20.01 19.89 19.84 19.71
SDSSJ2313+0009A SDSSJ2313+0008B 1.379 1.626  48.9       295.0   71.5 23 13 12.48 +00 09 12.7 18.87 19.95 19.69 19.64 19.59 23 13 15.55 +00 08 56.0 19.82 20.34 20.28 19.96 19.99
SDSSJ2313+0033A SDSSJ2313+0034B 2.057 2.083  62.2       373.4    5.7 23 13 22.38 +00 33 50.7 20.56 20.39 20.11 20.01 19.84 23 13 24.45 +00 34 44.6 16.54 16.36 16.11 15.91 15.75
SDSSJ2321-0107A SDSSJ2321-0106B 1.822 1.999  44.7       270.9   45.6 23 21 32.73 -01 07 27.8 20.03 19.97 19.91 19.68 19.66 23 21 33.77 -01 06 45.9 19.49 19.33 19.18 18.84 18.68
SDSSJ2322+0047A SDSSJ2322+0048B 1.215 1.290  70.5       418.6   12.7 23 22 38.80 +00 47 56.9 20.87 20.74 20.42 20.33 20.24 23 22 42.62 +00 48 38.1 20.16 20.22 19.93 19.95 19.97
SDSSJ2326+0053A SDSSJ2326+0055B 1.333 1.586  85.1       511.3   40.3 23 26 28.39 +00 53 55.3 20.78 20.62 20.32 20.23 20.10 23 26 27.21 +00 55 18.6 20.62 20.30 20.34 20.07 20.03
SDSSJ2326-0023A SDSSJ2326-0022B 1.170 1.589  84.7       499.5  230.1 23 26 49.81 -00 23 45.3 19.75 19.24 18.68 18.47 18.47 23 26 50.69 -00 22 21.7 20.28 19.99 19.85 19.71 19.88
SDSSJ2334-0111A SDSSJ2334-0110B 0.903 1.305  75.3       417.9   49.2 23 34 11.75 -01 11 31.1 19.99 19.89 19.76 19.76 19.53 23 34 15.98 -01 10 50.7 20.60 20.84 20.28 20.32 20.15
SDSSJ2334+0043A SDSSJ2334+0043B 1.348 1.424  62.8       378.0   36.2 23 34 55.75 +00 43 20.4 19.93 20.11 19.74 19.70 19.72 23 34 51.75 +00 43 39.1 19.64 19.49 19.26 19.13 19.26
SDSSJ2335-0028A SDSSJ2335-0028B 1.136 1.435  82.8       486.0   96.2 23 35 12.44 -00 28 58.1 20.20 20.17 19.98 20.04 20.10 23 35 08.14 -00 28 06.2 20.96 20.52 20.06 19.92 19.90
SDSSJ2336-0025A SDSSJ2336-0024B 1.729 1.871  88.9       539.6  157.9 23 36 09.33 -00 25 16.0 21.22 20.90 20.50 20.07 19.84 23 36 13.37 -00 24 11.0 19.67 19.60 19.55 19.36 19.29
SDSSJ2351+0115A SDSSJ2351+0115B 1.562 2.039  45.2       274.7   23.3 23 51 54.65 +01 15 16.3 18.68 18.55 18.43 18.25 18.18 23 51 53.33 +01 15 56.9 18.92 18.80 18.73 18.66 18.58
SDSSJ2355-0015A SDSSJ2355-0015B 0.714 1.142  72.3       369.9   77.0 23 55 35.19 -00 15 16.6 19.80 19.33 19.26 19.43 19.12 23 55 39.53 -00 15 48.1 20.54 20.45 20.08 20.01 19.90
SDSSJ2357+0030A SDSSJ2357+0030B 0.691 0.937  61.3       309.4   23.5 23 57 32.19 +00 30 54.4 20.35 20.06 20.06 20.11 20.20 23 57 36.28 +00 30 56.4 18.39 18.18 18.02 18.04 17.90
SDSSJ2358+0042A SDSSJ2358+0044B 1.061 1.503  86.3       499.5   60.4 23 58 17.41 +00 42 59.0 19.72 19.50 19.19 19.28 19.33 23 58 15.45 +00 44 20.2 19.81 19.65 19.58 19.44 19.38
SDSSJ2358-0948A SDSSJ2358-0947B 0.798 0.927  81.1       432.7   51.2 23 58 50.86 -09 48 32.6 19.55 19.25 19.11 19.07 18.93 23 58 50.16 -09 47 12.2 18.92 18.91 18.79 18.82 18.71
SDSSJ2359-0057A SDSSJ2359-0058B 1.788 1.816  46.2       280.1    9.6 23 59 44.13 -00 57 38.3 19.42 19.31 19.22 18.89 18.86 23 59 45.49 -00 58 19.7 18.70 18.71 18.58 18.30 18.31
