J000249.07+004504.8  388 345 51793  0.0868 243 271 219 -361 168 -282  197
J000911.58-003654.7  388 148 51793  0.0733 203 231 220 -198 134 -196  129
J010750.48-005352.9  670  55 52520  0.5202   0 281 645 -546  37 -540 -113
J011659.59-102539.1  660 213 52177  0.1503 181 304 203 -159 145  -81  189
J013546.93-005858.5 1502 108 53741  0.1595 163 363 206 -108 219  -23  300
J013555.82+143529.7  425 632 51884  0.0719 164 195 115 -131 141 -104  160
J015605.14-000721.7  403 236 51871  0.0806 164 241 270 -132 193 -128  131
J040001.59-065254.1  464 104 51908  0.1707 227 280 358 -355  37 -363   25
J073117.55+452803.2 1866 408 53314  0.0835 157 175 164 -156 121 -168  103
J073656.47+475946.8 1867 399 53317  0.0962 137 224 319 -184  67 -169  109
J073849.75+315611.9  541 104 51959  0.2973 258  83  64 -181 116 -185  126
J075223.35+273643.1  858 454 52316  0.0691 119 228 182 -147 134 -108  136
J080218.65+304622.7 1061  59 52641  0.0766 134 234 283 -215 144 -214  140
J080337.32+392633.1  545 250 52202  0.0655 192 156 305 -247 144 -255  133
J080418.23+305157.2  860 366 52319  0.1455 214 259 132 -203 290  -77  373
J080841.22+481351.9  438 561 51884  0.1235 179 374 391 -281 120 -276  138
J081430.12+265729.6 1206   6 52670  0.0787 158 185 239 -192 120 -140  193
J082107.89+502115.8  442 133 51882  0.0954 169 322 247 -175 167    0    0
J083713.49+150037.2 2427 483 53815  0.1408 144 227 181 -181 207 -148  166
J084049.47+272704.8 1587 540 52964  0.1353 214 285 357 -121 449 -119  525
J084130.18+393119.2  828 548 52317  0.1322 166 157 187 -179 147    0    0
J084227.46+054716.4 1187 544 52708  0.2748 254 292 255 -329 157 -290  181
J084624.51+425842.8  896 493 52592  0.2192 237 284 277 -251 278 -209  207
J085121.94+132702.2 2430 461 53815  0.0931 125 367 135  -49 110   18  120
J085358.65+233911.4 2085 517 53379  0.1134 125 524 186  -26 197   30  211
J085416.76+502632.0  551 167 51993  0.0957 139 237 209 -192 136 -177  116
J085841.76+104122.1 2575 125 54085  0.1480 222 453 261 -163 221  -51  167
J090753.98+141509.2 2434 538 53826  0.1200 158 275 260 -136 154 -115  156
J091201.68+532036.6  554 284 52000  0.1017 192 228 406 -193 208 -171  286
J091544.19+300922.0 1938 309 53379  0.1298 208 162 336 -203  66 -207   35
J091646.03+283526.7 1937 470 53388  0.1423 284 395  96  -84 341  -42  389
J093024.84+343057.3 1593 483 52991  0.0610 131 428  71 -161 187  -20  211
J094032.25+311328.6 1942 579 53415  0.1700 163 332 175 -182 189 -149  187
J094205.83+125433.7 2580  28 54092  0.1543 208 479 391 -666  60 -633   64
J094427.59+144717.1 2582 339 54139  0.0773 149 181 294 -254 133  -89  211
J095005.83+481338.6 1005 164 52703  0.3750   0 170 201 -202  75 -171   93
J095833.20-005118.6  268  83 51633  0.0860 200 366 273 -248 158 -395  120
J095833.98+251235.4 2344 232 53740  0.1155 118 279 184 -183 152 -146   91
J095920.52+422141.7 1217 489 52672  0.1532 136 311 203 -124 173  -82  208
J095942.61+261914.2 2344 442 53740  0.0512 138 224 107 -137 111  -77  134
J095950.32-001339.0  268 146 51633  0.0908 164 607  81  -45 147  -17  149
J100654.20+464717.2  872 181 52339  0.1228 137 174 377 -214  79 -202  112
J100921.26+013334.6  502 240 51957  0.1437 134 154 176 -214  68 -151   78
J101143.92+325943.5 1952 564 53378  0.1300 147 187 259 -230 128 -227  131
J101204.41+494320.7 1007 130 52706  0.1320 162 233 240 -191 213 -202  179
J101643.92+073850.7 1237   2 52762  0.1765 171 201 222 -153 148 -134  145
J101650.34+200302.6 2374 389 53765  0.1132 155 222 122 -137 124  -83  138
J101835.77+512753.1 1007 601 52706  0.0729 135 188 162 -127 186 -138  192
J101927.56+013422.5  503 162 51999  0.0730 144 266 296 -161 148 -138  143
J102002.48+072700.9  997 565 52734  0.1568 179 335 250 -153 196 -145  187
J102727.90+305902.4 1959 271 53440  0.1245 157 219 248 -266 110 -247  114
J102753.64+104950.3 1598 595 53033  0.0649  97 501 248 -289 104    0    0
J103403.85+184049.1 2593 397 54175  0.1366 227 447 156  -59 333  -80  290
J103456.37+393941.1 1432 274 53003  0.1507 209 675 109  -25 316  -22  333
J103850.13+025555.1  505 611 52317  0.0762  96 158 210 -137 100 -116  127
J104257.96+385347.3 1432  53 53003  0.1067 166 160 189 -269 109 -257  104
J104402.40+300834.1 1969  56 53383  0.4967   0 215 228 -239  90 -260   86
J104807.74+005543.4  275 579 51910  0.6427   0 576 524 -303 430 -279  328
J105052.46+083934.8 2885 222 54497  0.1694 164 231 238 -245  79 -229  118
J110821.81+591852.0  951 358 52398  0.0858 157 218 231 -156 143 -146  163
J110832.00+195128.3 2490 416 54179  0.1035 148 356 383 -317  90 -316   85
J110851.04+065901.4 1004 182 52723  0.1816 208 694 176  -95 114  -83  145
J110957.14+020138.6  510 317 52381  0.0633 161 252 241 -232 125 -209  119
J111042.36+030033.8  509 576 52374  0.1077 204 229 290 -175 164 -116  212
J111054.90+012936.0  509  55 52374  0.1295 187 178 178 -118 114 -120  113
J111803.17+062657.8 1617 214 53112  0.1277 172 247 207 -145 216 -116  238
J112319.22+302825.5 1979  78 53431  0.5224   0 304 378 -397 112 -427   58
J112330.89+310519.3 1979  89 53431  0.3098 415 312 130 -142 246 -140  294
J112348.22+250307.1 2497 472 54154  0.1226 124 164 160 -134 123 -129  101
J112659.54+294442.8 2217 488 53794  0.1018 191 212 221 -137 181 -133  182
J112907.10+575605.4 1309 449 52762  0.3126   0 246 257 -220 117 -205  110
J112939.77+605742.5  775  12 52295  0.1120 202 489 341 -241 218 -231  217
J112947.14+342842.6 2100 603 53713  0.1916 192 465 261 -224 214 -227  211
J113126.08-020459.2  327 394 52294  0.1463 173 305 286 -225 176    0    0
J113242.98+190303.8 2498  23 54169  0.1292 184 300 128 -170 125 -115  162
J113721.36+612001.2  776  99 52319  0.1112 237 289 209  -87 214  -87  208
J113927.40+090014.0 1225 288 52760  0.1044 137 210 241 -147 126 -139  156
J114132.99-030231.7  328 179 52282  0.1245 106 253 269 -151 156 -135  117
J114544.23+405946.1 1970 376 53386  0.5390 500 159 100  -42 570  -38  559
J114610.04-022619.2  328 640 52282  0.1225 235 158 218 -141 112 -140   96
J114642.47+511029.6  881 241 52368  0.1300 166 199 330 -196  88 -188  123
J114840.14-021637.2  329 519 52056  0.0848 162 210 317 -185 185 -171  208
J115028.16+044141.8  840 277 52374  0.0404 139 264 217 -199 119 -178  115
J115245.66+101623.8 1227 429 52733  0.0699 151 260 361 -225  90 -232  102
J115249.33+190300.3 2509  19 54180  0.0967 135 219 102 -171 147 -112  170
J115610.77+045943.4  840 557 52374  0.0795 174 274 249 -110 191 -116  193
J115822.58+323102.2 2095 342 53474  0.1658 199 501 238 -228 227  -98  215
J120324.95+044649.8  842 228 52376  0.1354 155 206 138 -213 102 -206   95
J120357.35+280856.7 2226 579 53819  0.0693 117 147 112 -117 149    0    0
J120526.05+321314.7 2095 115 53474  0.4856   0 287 192 -359 214 -354  219
J120802.09+230430.7 2644 371 54210  0.0736 133 251 239 -163 148 -131  123
J121957.51+190003.5 2610   3 54476  0.1167 117 407 261 -243 174 -222  149
J122104.97+604953.9  955 525 52409  0.0629 103 494 489 -467  90 -444  115
J122212.02+272601.7 2233 181 53845  0.1328 190 207 165  -88 247  -90  270
J122709.84+124854.5 1615 434 53166  0.1947 146 356 262 -464 188 -424  170
J123524.95+060810.7 1628 250 53474  0.0942 137 173 156 -209 122 -122   94
J123605.45-014119.2  335 420 52000  0.2116 184 320 313 -278 109 -297  211
J123658.80+261619.6 2236 247 53729  0.1395 119 211 238 -156 126 -165  129
J123833.83+303731.1 2237 375 53828  0.2937 349 160 240 -401  72 -352   47
J124037.84+353437.3 2010   1 53495  0.1606 189 588 315 -270 243 -130  258
J124358.36-005845.4  291  98 51928  0.4092 311 471 207 -360 161 -178  241
J124504.20+372300.2 2000  11 53495  0.2795 345 188 557 -472  58 -400   29
J125451.54+254253.4 2661 543 54505  0.1205 146 160 157 -123 183 -100  185
J130128.77-005804.3  293  16 51994f 0.2457   0 308 229 -255 139 -234  109
J130729.73+124355.3 1696 481 53116  0.0635 111 294 162 -183 185 -140  199
J131106.74+195234.2 2617 559 54502  0.1559 141 179 261 -179 140 -199  245
J131515.94+213403.6 2651 154 54507  0.0701 138 315 307 -262 140 -241  150
J132104.59-001445.8  296 173 51984  0.0822 157 165 230 -190 140 -172  142
J132123.79+540736.7 1041 399 52724  0.1215 113 302 120 -138 183 -126  173
J132231.86+263159.1 2244 433 53795  0.1441 194 161 152 -276 139 -237  129
J132310.98+103913.2 1800 350 53884  0.2293 190 187 142 -265 112 -174   87
J132318.81+030807.1  526 616 52312  0.2689 260 443 253 -254 219 -183  216
J132547.95+545019.5 1041 407 52724  0.1419 153 140 159 -103 150 -101  148
J132848.46+275227.8 1978 203 53473  0.0911 177 137 163 -114 115 -115  131
J133222.45+463226.6 1463 554 53063  0.3630   0 238 158 -243 109 -230   98
J133226.34+060627.4 1801 250 54156  0.2070 256 206 376 -318  90 -427  117
J133332.04+300744.7 2110  18 53467  0.2843 278 243 181 -171 106 -142  107
J134114.87+221957.8 2654 460 54231  0.1152 129 279 326 -323 104 -273   82
J134341.33+195331.1 2654  44 54231  0.1236 179 225 252 -215 129 -178  151
J135046.48+231128.0 2783 186 54524  0.0565 103 312 172 -131 187  -62  201
J135251.22+654113.2  497  76 51989  0.2064 268 370 145 -108 265  -81  302
J135646.11+102609.1 1702 121 53144  0.1231 238 243 247 -184 229 -175  222
J140231.58+021546.4  532 351 51993  0.1797 208 277 292 -206 102 -138  131
J140534.85+244735.0 2124 233 53770  0.1299 109 299 121 -171 136 -111  160
J140842.42+043050.9  582 119 52045  0.2415 193 209 236 -279  86 -235  115
J140845.73+353218.5 1839 366 53471  0.1656 235 260 310 -249 125 -204  107
J141630.92+311910.9 2125  40 53795  0.1126 134 365 185 -134 170  -63  214
J144116.36-000742.5  308 316 51662  0.1395 148 219 193 -141 124 -133  131
J144541.31+334107.9 1646 165 53498  0.1313 194 357 548 -309 162 -305  256
J144804.17+182537.9 2777 440 54554  0.0378 139 153 180 -105 146 -105  145
J145050.60+083832.6 1814 516 54555  0.1168 124 163 130 -112 118  -95  132
J145156.82+301602.7 1843 135 53816  0.1577 202 209 250 -214 299    0    0
J145217.27+511050.3 1328 514 52786  0.0758 171 374 273 -141 210   -2  314
J145951.31+230708.6 2150 374 54510  0.1848 175 327 449 -260 221 -257  128
J150053.92+382349.6 1398 207 53146  0.1453 189 269 264 -218 123 -199  103
J151659.24+051751.5 1833 571 54561  0.0512 209 243 172 -129 196 -100  190
J151709.21+335324.7 1386 526 53116  0.1352 232 644 718 -354 387 -331  377
J152145.01+291759.5 1846 526 54173  0.1129 172 226 202 -152 156  -72  196
J152433.36+274311.6 1846  22 54173  0.0681 139 443 413 -544 -21    0    0
J153204.78+475024.9 1167 299 52738  0.1986 213 270 251 -270 135 -268  135
J153238.91+260124.5 2163 528 53823  0.0978 195 419 149 -190 243 -114  278
J153315.29+575001.9  615 148 52347  0.0672 162 202 249 -163 166 -126  122
J153944.13+343503.9 1402 238 52872  0.5514   0 146 181 -222 162 -213  150
J155009.59+080838.8 1726 254 53137  0.2320 241 270 233 -243 157 -195  196
J155205.93+043317.5 2951 433 54592  0.0803 170 180 223 -221  75 -146   79
J155429.58+090902.6 1726 555 53137  0.1714 166 232 249 -212 161 -134  118
J155619.30+094855.6 2520  27 54584  0.0678 215 357 207 -206 204 -129  197
J160027.78+083743.0 1728 451 53228  0.2269 213 210 323 -271 149 -274  147
J160436.21+500958.1  620 119 52375  0.1464 199 151 161 -175 192 -158  174
J160631.37+273643.0 1392 610 52822  0.1584 114 402 461 -194 125 -180  135
J161006.42+210735.1 2205 489 53793  0.1373 166 200 230 -239  96 -199  108
J162345.20+080851.1 2532 313 54589  0.1992 165 237 258 -451  55 -240   -3
J163056.75+164957.2 2207 227 53558  0.0341 107 115 165 -168 127 -163  123
J163419.16+464801.8  627 452 52144  0.2158 151 215 200 -219 154 -201  187
J163732.37+352321.2 1339 568 52767  0.1228 129 265 166 -160 183 -122  226
J164713.43+383139.9  818 606 52395  0.1636 173 207 212 -175 169 -125  174
J165206.15+310707.6 1343 497 52790  0.0750 135 183 208 -141 169 -146  148
J171544.05+600835.7  353 568 51703  0.1569 131 221 200 -239 108 -233  105
J172049.25+310646.4 2974 260 54592  0.0951 232 254 348  -36 383  -39  400
J224745.94+010517.4  675 563 52590  0.5293   0 228 244 -235  89 -260   74
J225252.94+002928.4  379 481 51789  0.1525 190 229 303 -182 255 -199  185
J225420.99-005134.1  379 131 51789  0.0795 178 218 169 -192 228 -136  176
J225510.12-081234.4  724 405 52254  0.1494 148 318 340 -367 172 -316  165
J230442.82-093345.3  725 120 52258  0.0319 134 216 295 -136 183  -93  207
J231051.95-090011.9  726 465 52226  0.0944 187 256 194 -121 206 -126  198
J233313.17+004911.8  384 411 51821  0.1699  92 293 366 -480 -36 -472   62
J235256.62+001155.2  386 516 51788  0.1668 206 207 166 -141 169 -129  147
