  1 J0001-0033 00 01 40.18 -00 33 50.6 17.4   1.5  SDSS  G  0.2469 SDSS              73   50.  PMN       0.30
  2 J0033-0149 00 33 02.41 -01 49 56.6 14.1*       USNO  G  0.1301 6dF       169.    87             0.49
  3 J0036+0048 00 36 36.21 +00 48 53.4 20.4   1.2  SDSS                      758.   280   89.  PMN  0.74 0.91
  4 J0045+0021 00 45 42.11 +00 21 05.5 21.5        D89                      1677.   509  159.  PMN  0.89 0.93 4C-00.05, PKS
  5 J0049+0059 00 49 39.45 +00 59 53.8 18.1   1.7  SDSS  G  0.3044 SDSS      427.   155   77.  PMN  0.75 0.56
  6 J0113+0106 01 13 41.11 +01 06 08.5 18.1   1.3  SDSS  G  0.281  L00              391  121.  PMN       0.94
  7 J0115-0000 01 15 27.37 -00 00 01.5 20.5   1.4  SDSS  G  0.381  L00              222   54.  B91       1.13 4C-00.07, PKS
  8 J0143-0119 01 43 16.75 -01 19 00.8 19.3        USNO  G  0.520  L00      1978.   823  340.  PMN  0.65 0.71 4C-01.09, PKS
  9 J0144-0830 01 44 09.98 -08 30 02.8 18.6   1.2  SDSS                              47
 10 J0145-0159 01 45 19.99 -01 59 47.9 13.4*       USNO  G  0.1264 6dF       472.   272   97.  PMN  0.41 0.82
 11 J0147-0851 01 47 19.28 -08 51 19.6 20.2   1.1  SDSS                      839.   306  115.  PMN  0.75 0.78
 12 J0211-0920 02 11 46.96 -09 20 36.6 18.5   1.3  SDSS                      377.   180             0.55
 13 J0225-0738 02 25 08.62 -07 38 49.1 24.3   0.5  SDSS                      916.   318  131.  PMN  0.79 0.71 PKS
 14 J0702+5002 07 02 47.92 +50 02 05.3 15.5*       USNO  G  0.0946 H05       761.   334  115.  G91  0.61 0.85 6C
 15 J0725+5835 07 25 32.27 +58 35 27.4 19.9        USNO                      450.   178   45.  G91  0.69 1.10 6C, 8C
 16 J0805+4854 08 05 44.0  +48 54 58.              FIRST                             34
 17 J0813+4347 08 13 00.11 +43 47 48.5 16.1   1.1  SDSS  G  0.1282 SDSS      624.   333  156.  G91  0.47 0.61 6C, B3
 18 J0821+2922 08 21 49.60 +29 22 44.4 20.2   0.9  SDSS  G  0.246  W03       478.   117   27.  G91  1.05 1.17 5C07.178, B2
 19 J0836+3125 08 36 35.46 +31 25 51.2 19.8   2.0  SDSS                      524.   291  111.  G91  0.44 0.77 6C
 20 J0838+3253 08 38 44.61 +32 53 11.8 16.9   1.4  SDSS  G  0.2127 SDSS             121   60.  G91       0.56 6C
 21 J0845+4031 08 45 08.40 +40 31 15.4 18.8   1.5  SDSS                      448.   164   66.  G91  0.75 0.73 6C, B3
 22 J0846+3956 08 46 03.58 +39 56 57.9 20.8   1.0  SDSS                      665.   197   59.  G91  0.90 0.96 6C, B3
 23 J0859-0433 08 59 50.19 -04 33 06.9 18.8        USNO                      454.   237  105.  PMN  0.48 0.65
 24 J0914+1715 09 14 05.21 +17 15 54.3 19.7   1.3  SDSS                     4612.  1527  558.  G91  0.82 0.80 4C+17.48, PKS
 25 J0917+0523 09 17 44.31 +05 23 10.1 20.3   1.2  SDSS                     1798.   612  218.  PMN  0.80 0.82 4C+05.39, PKS
 26 J0924+4233 09 24 46.98 +42 33 47.1 17.8   1.4  SDSS  G  0.2274 SDSS      636.   292  105.  G91  0.58 0.82 6C, B3
 27 J0941-0143 09 41 22.58 -01 43 01.1 17.8        USNO  G  0.382  S79      1844.   830  359.  PMN  0.59 0.67 4C-01.19, PKS
 28 J0941+2147 09 41 58.31 +21 47 44.2 22.6   1.5  SDSS                      704.   206   74.  G91  0.91 0.82 7C
 29 J0943+2834 09 43 02.25 +28 34 45.8 20.6   1.0  SDSS                     1731.   647  187.  G91  0.73 0.99 4C+28.23, 7C, 9C
 30 J1005+1154 10 05 52.53 +11 54 37.0 16.3   1.2  SDSS  G  0.1656 SDSS      437.   205   67.  G91  0.56 0.89
 31 J1008+0030 10 08 11.43 +00 30 00.0 15.8   0.9  SDSS  G  0.0977 O95       534.   484  259.  PMN  0.07 0.50 Abell 0933, PKS
 32 J1015+5944 10 15 41.14 +59 44 45.2 18.3  -0.1  SDSS  Q  0.5271 SDSS      732.   221   73.  G91  0.89 0.88 6C, 8C
 33 J1040+5056 10 40 22.48 +50 56 25.1 17.1   1.1  SDSS  G  0.1539 SDSS      565.   194  113.  G91  0.80 0.43 6C
 34 J1043+3131 10 43 18.63 +31 31 06.1 14.8   0.8  SDSS  G  0.0357 F99,SDSS 1243.   749  377.  G91  0.38 0.55 6C, 7C, B2
 35 J1049+4422 10 49 35.28 +44 22 04.0 20.3   1.1  SDSS                      461.   144   60.  G91  0.87 0.70 6C, B3
 36 J1054+5521 10 54 00.6  +55 21 53.              FIRST                     496.   222   80.  G91  0.60 0.81 6C, 7C
 37 J1055-0707 10 55 52.56 -07 07 19.1 17.6        USNO                     1689.   651  213.  PMN  0.71 0.89 4C-06.26, PKS
 38 J1102+0250 11 02 06.56 +02 50 45.7 22.3   1.0  SDSS                     1626.   506  167.  PMN  0.87 0.88 4C+03.20, PKS
 39 J1111+4050 11 11 39.74 +40 50 24.1 14.8   0.9  SDSS  G  0.0737 SDSS     2212.   819  263.  G91  0.74 0.91 4C+41.23, B3
 40 J1114+2632 11 14 27.10 +26 32 58.8 21.0   0.6  SDSS                      568.   232  165.  G91  0.67 0.27 7C
 41 J1120+4354 11 20 16.18 +43 54 51.4 20.4   1.4  SDSS                     1103.   406  152.  G91  0.74 0.78 6C, B3
 42 J1128+1919 11 28 37.7  +19 19 57.              FIRST                     277.   125   48.  G91  0.59 0.76
 43 J1135-0737 11 35 36.78 -07 37 00.1 19.2        USNO                             106
 44 J1140+1057 11 40 49.70 +10 57 56.3 16.6   0.9  SDSS  G  0.0808 SDSS     1067.   537  212.  G91  0.51 0.74
 45 J1200+6105 12 00 06.00 +61 05 44.5 18.3   1.1  SDSS                      742.   278   82.  G91  0.73 0.97 6C, 8C
 46 J1201-0703 12 01 25.76 -07 03 11.0 16.4        USNO                      330.   203   63.  PMN  0.36 0.93
 47 J1202+4915 12 02 35.10 +49 15 31.7 21.1   1.6  SDSS                             104   31.  B91       0.97 6C
 48 J1206+3812 12 06 17.35 +38 12 34.9 18.4   0.2  SDSS  Q  0.838  V90,SDSS  885.   247   62.  G91  0.95 1.10 6C, B3
 49 J1207+3352 12 07 32.92 +33 52 40.1 15.2   0.8  SDSS  G  0.0788 F87,SDSS 1101.   490  225.  G91  0.60 0.62 6C, 7C, B2
 50 J1210-0341 12 10 18.77 -03 41 53.3 17.8   1.2  SDSS  G  0.26   M99       267.   151             0.42
 51 J1210+1121 12 10 11.99 +11 21 02.7 16.6   1.4  SDSS  G  0.1963 SDSS             133   45.  G91       0.87
 52 J1211+4539 12 11 02.50 +45 39 14.4 22.0   1.1  SDSS                      716.   232   73.  G91  0.84 0.92 6C, B3
 53 J1218+1955 12 18 59.15 +19 55 28.0 19.9   1.3  SDSS                     2868.  1047  269.  G91  0.75 1.08 4C+20.28, 7C, PKS
 54 J1227-0742 12 27 12.5  -07 42 00.              FIRST                     427.   168             0.69
 55 J1227+2155 12 27 49.45 +21 55 19.6 19.7   1.7  SDSS                      770.   199   45.  G91  1.01 1.19 7C
 56 J1228+2642 12 28 03.83 +26 42 26.7 17.8   1.3  SDSS                      473.   185   92.  G91  0.70 0.56 7C
 57 J1232-0717 12 32 52.50 -07 17 28.9 19.7        USNO                     1369.   512  160.  PKS  0.73 0.93 PKS
 58 J1247+4646 12 47 26.84 +46 46 06.0 22.3   2.9* SDSS                      451.   135   29.  G91  0.90 1.23 6C, B3
 59 J1253+3435 12 53 24.29 +34 35 18.2 19.1   1.5  SDSS                      776.   362  119.  G91  0.57 0.89 5C, 6C, 7C, B2
 60 J1258+3227 12 58 32.87 +32 27 40.8 17.0   1.1  SDSS                             149   63.  G91       0.69 5C, 6C, 7C
 61 J1309-0012 13 09 49.74 -00 12 35.6 19.4   0.7  SDSS  G  0.419  B99      4525.  1637  470.  PKS  0.76 1.00 4C+00.46, PKS
 62 J1310+5458 13 10 15.40 +54 58 34.2 19.2   1.2  SDSS                      706.   226   93.  G91  0.85 0.71 6C
 63 J1316+2427 13 16 38.27 +24 27 32.4 19.6   1.0  SDSS                              75                       7C
 64 J1327-0203 13 27 38.22 -02 03 09.9 16.6   1.3  SDSS  G  0.1828 SDSS     3471.  1179  470.  PKS  0.80 0.73 4C-01.29, PKS
 65 J1330-0206 13 30 10.32 -02 06 18.0 15.5   1.0  SDSS  G  0.0866 SDSS      526.   159             0.89
 66 J1339-0016 13 39 34.23 -00 16 35.5 15.9   1.2  SDSS  G  0.1452 SDSS             207  120.  PKS       0.44 PKS
 67 J1342+2547 13 42 45.32 +25 47 11.5 20.2   0.4  SDSS                      910.   365  114.  G91  0.68 0.93 7C
 68 J1345+5233 13 45 41.64 +52 33 35.6 20.7   1.4  SDSS                              71   30.  B91       0.69 6C
 69 J1348+4411 13 48 04.59 +44 11 24.2 18.5   1.4  SDSS                             158   98.  G91       0.38 6C, B3
 70 J1351+5559 13 51 42.14 +55 59 43.1 15.1   1.0  SDSS                      286.   221   73.  G91  0.19 0.88 6C, 8C
 71 J1353+0724 13 53 06.37 +07 24 37.1 19.3   1.3  SDSS                      852.   294  114.  PMN  0.79 0.76
 72 J1406-0154 14 06 48.61 -01 54 16.5 20.9   1.8  SDSS                     3521.  1143  300.  PKS  0.84 1.07 4C-01.31, PKS
 73 J1406+0657 14 06 02.41 +06 57 15.7 18.5   0.0  SDSS                      896.   339  119.  PMN  0.72 0.84
 74 J1408+0225 14 08 28.41 +02 25 50.3 18.4   1.1  SDSS                      573.   244             0.64
 75 J1411+0907 14 11 21.14 +09 07 35.4 20.4   4.2* SDSS                             260   72.  PMN       1.02
 76 J1424+2637 14 24 40.53 +26 37 30.5 14.0   0.8  SDSS  G  0.0372 M02       852.   857  344.  G91  0.00 0.73 7C, B2, PKS
 77 J1430+5217 14 30 17.34 +52 17 35.0 19.4   1.1  SDSS  Q  0.3671 SDSS     1775.   671  217.  G91  0.72 0.90 6C
 78 J1433+0037 14 33 51.87 +00 37 23.4 19.8   1.8  SDSS                      669.   275   97.  PMN  0.66 0.83
 79 J1434+5906 14 34 02.17 +59 06 53.3 20.9   1.9  SDSS                      682.   315  115.  G91  0.57 0.80 6C, 8C
 80 J1437+0834 14 37 38.90 +08 34 22.1 19.2   1.2  SDSS                      548.   208   99.  PMN  0.72 0.59
 81 J1444+4147 14 44 07.25 +41 47 50.3 17.3   1.2  SDSS  G  0.1880 SDSS      354.   372  147.  G91 -0.04 0.74 6C, B3
 82 J1454+2732 14 54 42.22 +27 32 11.8 20.2   2.1  SDSS                      617.   211   73.  G91  0.80 0.85 7C
 83 J1455+3237 14 55 58.28 +32 37 32.5 15.9   0.9  SDSS  G  0.084  SDSS      249.   107   35.  G91  0.63 0.89 6C, 7C
 84 J1456+2542 14 56 43.16 +25 42 17.5 20.6   1.7  SDSS                              36
 85 J1459+2903 14 59 41.95 +29 03 31.8 16.5   1.1  SDSS  G  0.1460 G00              367  170.  G91       0.61 7C, B2
 86 J1501+0752 15 01 57.44 +07 52 26.7 20.9   1.5  SDSS                     1562.   509  170.  PMN  0.83 0.88 4C+08.43
 87 J1515-0532 15 15 33.66 -05 32 51.0 19.9        APM                      3070.   920  289.  PMN  0.90 0.92
 88 J1522+4527 15 22 13.1  +45 27 57.              FIRST                            107   39.  G91       0.81 6C, B3
 89 J1537+2648 15 37 07.33 +26 48 23.2 18.3   1.5  SDSS                      647.   263  111.  G91  0.67 0.69 7C
 90 J1600+2058 16 00 38.95 +20 58 51.7 17.2   1.3  SDSS                     1214.   523  185.  G91  0.63 0.83 7C
 91 J1603+5242 16 03 44.96 +52 42 20.6 17.9   1.1  SDSS                             348  108.  G91       0.93 6C
 92 J1606+0000 16 06 12.68 +00 00 27.1 15.0   1.0  SDSS  G  0.059  B99      5131.  2385 1090.  PMN  0.57 0.63 4C+00.58, PKS
 93 J1606+4517 16 06 38.88 +45 17 37.1 20.5   1.3  SDSS                      383.   116   36.  G91  0.89 0.93 B3
 94 J1614+2817 16 14 28.40 +28 17 31.0 15.9   1.0  SDSS  G  0.1069 M01       565.   424  169.  G91  0.21 0.73
 95 J1625+2705 16 25 30.68 +27 05 46.3 18.5  -0.1  SDSS  Q  0.5259 SDSS     1734.   531  245.  G91  0.88 0.62 B3
 96 J1653+3115 16 53 37.31 +31 15 27.5 20.6   1.1  SDSS                      335.   213  104.  G91  0.34 0.57 6C
 97 J1655+4551 16 55 16.2  +45 51 08.              SDSS                              78                       6C, B3
 98 J1656+3952 16 56 36.65 +39 52 58.3 18.9   1.7  SDSS                      395.   147   71.  G91  0.74 0.58 6C, B3
 99 J2226+0125 22 26 45.6  +01 25 11.              FIRST                             81   46.  G91       0.45
100 J2359-1041 23 59 46.47 -10 41 15.4 18.9   1.0  SDSS                      710.   280  102.  PMN  0.69 0.81
