J0004+1248| |00 04 50.27 +12 48 39.5|0.143|SPEC  |17.44|-21.37|     |0.107|0.407|NRAO  |     | 1.07
J0028-0026|a|00 28 28.94 -00 26 24.6|0.287|PHOT  |18.96|-21.52|     |     |0.390|NRAO  |     |
J0030+1121| |00 30 23.86 +11 21 12.5|0.449|SPEC  |20.16|-22.06|0.515|0.114|0.136|NRAO  |-0.67| 0.14
J0121+0051| |01 21 01.23 +00 51 00.3|0.238|SPEC  |17.80|-22.16|1.124|0.267|0.105|NRAO  |-0.64|-0.75
J0216+0244| |02 16 35.79 +02 44 00.9|0.184|PHOT  |17.58|-21.70|2.650|0.300|0.248|PMN   |-0.97|-0.15
J0319-0202|a|03 19 37.58 -02 02 48.7|     |      |     |      |0.849|0.212|0.080|NRAO  |-0.62|-0.78
J0710+3546| |07 10 31.14 +35 46 49.8|     |      |     |      |     |0.073|0.030|NRAO  |     |-0.71
J0715+4910| |07 15 10.12 +49 10 53.2|     |      |     |      |0.513|0.084|0.044|NRAO  |-0.81|-0.52
J0720+4037| |07 20 14.66 +40 37 48.6|0.387|PHOT  |19.87|-21.65|0.628|0.096|0.034|NRAO  |-0.84|-0.83
J0727+3956| |07 27 37.48 +39 56 55.8|0.312|SPEC  |18.25|-22.57|0.217|0.050|     |      |-0.65|
J0752+3252|a|07 52 49.10 +32 52 54.2|0.299|PHOT  |18.74|-21.94|2.262|0.370|0.120|NRAO  |-0.81|-0.90
J0754+2424| |07 54 45.52 +24 24 25.3|0.373|PHOT  |20.66|-21.33|0.611|0.104|0.044|NRAO  |-0.79|-0.69
J0759+1247| |07 59 30.94 +12 47 22.8|     |      |     |      |1.444|0.147|0.031|NRAO  |-1.02|-1.25
J0800+4957| |08 00 06.84 +49 57 55.0|0.396|PHOT  |19.65|-22.01|0.400|0.093|     |      |-0.65|
J0813+3007| |08 13 37.78 +30 07 10.6|     |      |23.37|      |0.660|0.107|0.029|NRAO  |-0.81|-1.05
J0814+0602|a|08 14 04.55 +06 02 38.3|0.562|SPEC/Q|19.79|-22.65|1.255|0.219|0.088|NRAO  |-0.78|-0.73
J0816+3804| |08 16 01.88 +38 04 15.4|0.173|SPEC  |16.46|-22.65|1.881|0.427|0.148|NRAO  |-0.66|-0.85
J0818+1508| |08 18 41.57 +15 08 33.5|0.330|SPEC/Q|18.93|-21.90|0.334|0.065|0.032|NRAO  |-0.73|-0.57
J0822+0519| |08 22 26.42 +05 19 51.1|0.654|SPEC/Q|19.70|-22.17|3.844|0.343|0.135|NRAO  |-1.08|-0.75
J0824+0317| |08 24 00.50 +03 17 49.3|0.215|SPEC  |17.71|-21.94|0.493|0.134|0.061|NRAO  |-0.58|-0.63
J0845+5740| |08 45 09.65 +57 40 35.5|0.237|SPEC  |18.37|-21.95|0.268|0.047|     |      |-0.77|
J0852+2620| |08 52 36.12 +26 20 13.4|0.477|SPEC  |20.70|-21.65|0.329|0.066|     |      |-0.71|
J0859+0805| |08 59 15.19 +08 05 39.7|0.565|SPEC  |20.25|-22.95|0.233|0.037|     |      |-0.82|
J0859+5851| |08 59 42.66 +58 51 16.6|0.443|PHOT  |19.65|-22.20|0.206|0.039|     |      |-0.74|
J0859-0252| |08 59 54.12 -02 52 41.9|     |      |     |      |2.225|0.395|0.127|PMN   |-0.77|-0.91
J0903+5600| |09 03 31.03 +56 00 39.9|0.408|PHOT  |21.32|-20.16|0.553|0.130|0.060|NRAO  |-0.64|-0.62
J0906+0645| |09 06 38.35 +06 45 24.6|0.157|PHOT  |23.65|-17.60|0.425|0.098|     |      |-0.65|
J0908+2158| |09 08 27.86 +21 58 23.8|     |      |     |      |0.815|0.116|0.033|NRAO  |-0.87|-1.01
J0914+0824| |09 14 51.07 +08 24 40.1|     |      |     |      |0.378|0.074|     |      |-0.73|
J0923+3614| |09 23 46.43 +36 14 07.3|0.734|PHOT  |22.87|-21.84|0.468|0.082|0.028|NRAO  |-0.77|-0.86
J0924+4034| |09 24 01.16 +40 34 57.2|0.160|SPEC  |15.67|-23.21|2.022|0.318|0.102|NRAO  |-0.82|-0.91
J0928-0607| |09 28 02.68 -06 07 52.6|     |      |     |      |0.779|0.188|0.081|PMN   |-0.63|-0.67
J0930+2343|a|09 30 14.90 +23 43 59.2|0.538|SPEC  |19.87|-22.95|1.590|0.303|0.097|NRAO  |-0.74|-0.91
J0932+1611|a|09 32 38.30 +16 11 57.3|0.191|SPEC  |17.19|-22.16|     |     |0.193|NRAO  |     |
J0942+0444| |09 42 40.45 +04 44 23.1|0.718|PHOT  |23.55|-20.90|0.362|0.071|     |      |-0.72|
J0949+4456| |09 49 53.64 +44 56 55.7|0.190|PHOT  |18.26|-21.07|0.599|0.207|0.061|NRAO  |-0.47|-0.98
J0956-0001| |09 56 40.77 -00 01 23.9|0.139|SPEC  |16.29|-22.26|0.375|0.097|0.078|NRAO  |-0.60|-0.17
J1004+3506| |10 04 08.95 +35 06 23.6|0.611|SPEC/Q|20.80|-22.53|0.990|0.174|0.053|NRAO  |-0.77|-0.95
J1010+5303| |10 10 28.07 +53 03 13.0|0.341|SPEC  |18.72|-22.27|0.291|0.050|     |      |-0.78|
J1011-0607| |10 11 34.80 -06 07 53.1|     |      |     |      |0.209|0.033|     |      |-0.82|
J1017+6329| |10 17 32.51 +63 29 53.8|0.184|SPEC  |17.28|-21.93|0.765|0.174|0.072|NRAO  |-0.66|-0.71
J1031+0443| |10 31 18.85 +04 43 07.7|0.672|PHOT  |22.89|-20.99|5.945|0.753|0.204|NRAO  |-0.92|-1.05
J1033+3530| |10 33 58.55 +35 30 07.2|0.611|PHOT  |20.91|-22.58|0.405|0.086|     |NRAO  |-0.69|
J1039+3540| |10 39 00.86 +35 40 50.1|0.569|SPEC  |19.81|-22.91|0.186|0.071|     |      |-0.43|
J1039+4648| |10 39 24.92 +46 48 11.5|0.531|SPEC  |19.76|-22.99|0.641|0.121|0.072|NRAO  |-0.74|-0.41
J1046-0113| |10 46 32.43 -01 13 38.1|0.184|PHOT  |18.03|-21.26|0.563|0.132|0.096|NRAO  |-0.64|-0.25
J1054+4703| |10 54 26.39 +47 03 27.4|0.430|PHOT  |20.55|-21.94|0.589|0.101|0.044|NRAO  |-0.78|-0.66
J1108+2636| |11 08 53.80 +26 36 50.2|     |      |     |      |0.702|0.093|0.065|NRAO  |-0.90|-0.28
J1128+1711| |11 28 48.72 +17 11 04.5|0.347|SPEC  |18.31|-22.72|2.091|0.446|0.127|NRAO  |-0.69|-1.01
J1136+0151| |11 36 49.98 +01 51 21.3|0.485|PHOT  |20.65|-21.63|0.284|0.064|     |      |-0.66|
J1138+4950| |11 38 16.62 +49 50 25.0|0.510|SPEC/Q|20.18|-22.16|0.303|0.072|0.033|NRAO  |-0.64|-0.62
J1145+1529| |11 45 22.19 +15 29 43.2|0.068|SPEC  |14.58|-22.25|1.043|0.350|0.187|NRAO  |-0.48|-0.50
J1152+2016| |11 52 25.55 +20 16 02.1|0.444|PHOT  |20.07|-22.24|0.167|0.055|0.044|NRAO  |-0.49|-0.17
J1155+4417|a|11 55 00.34 +44 17 02.2|0.550|PHOT  |19.93|-22.31|0.707|0.112|0.054|NRAO  |-0.82|-0.58
J1202-0336| |12 02 51.32 -03 36 25.8|0.351|PHOT  |19.08|-21.82|1.486|0.267|     |      |-0.76|
J1225+1633| |12 25 50.51 +16 33 43.5|0.656|SPEC  |20.66|-22.97|0.774|0.187|0.062|NRAO  |-0.63|-0.88
J1257+1228| |12 57 21.87 +12 28 20.5|0.208|SPEC  |17.64|-21.93|1.616|0.454|0.159|NRAO  |-0.56|-0.84
J1259+2032|a|12 59 00.79 +20 32 48.6|0.580|PHOT  |21.34|-21.81|0.348|0.060|     |      |-0.78|
J1300+3505| |13 00 48.34 +35 05 27.3|     |      |     |      |0.672|0.218|0.060|NRAO  |-0.50|-1.03
J1302+5119| |13 02 58.46 +51 19 43.6|     |      |22.77|      |0.438|0.289|0.122|NRAO  |-0.18|-0.69
J1308+2258| |13 08 54.25 +22 58 22.3|0.677|SPEC  |20.49|-23.41|0.491|0.096|     |      |-0.73|
J1312+1834| |13 12 26.65 +18 34 14.9|0.560|SPEC  |20.36|-22.22|0.334|0.057|     |      |-0.79|
J1313+0758| |13 13 31.40 +07 58 02.5|0.365|PHOT  |20.16|-21.07|0.557|0.106|     |      |-0.74|
J1323+4115| |13 23 24.26 +41 15 15.0|0.296|PHOT  |18.77|-21.73|3.857|0.621|0.205|NRAO  |-0.81|-0.89
J1324+4334| |13 24 04.20 +43 34 07.1|0.338|SPEC/Q|18.32|-22.51|     |0.182|0.088|NRAO  |     |-0.58
J1327+2853|a|13 27 13.87 +28 53 18.1|0.300|PHOT  |19.20|-21.27|0.687|0.119|0.065|NRAO  |-0.78|-0.48
J1329+1818| |13 29 39.95 +18 18 42.0|0.514|SPEC  |19.94|-22.84|1.191|0.183|0.069|NRAO  |-0.83|-0.78
J1330+0248|a|13 30 51.04 +02 48 43.1|0.623|SPEC  |20.62|-22.86|0.477|0.130|     |      |-0.58|
J1336+4313| |13 36 36.06 +43 13 29.0|     |      |     |      |1.643|0.272|0.094|NRAO  |-0.80|-0.85
J1340+3749| |13 40 51.19 +37 49 11.7|0.218|PHOT  |18.87|-20.84|0.276|0.054|0.055|NRAO  |-0.73| 0.01
J1340+5035|a|13 40 02.96 +50 35 39.7|0.232|SPEC  |18.35|-21.56|0.146|0.096|     |NRAO  |-0.18|
J1343+1933| |13 43 53.97 +19 33 34.1|0.513|PHOT  |21.64|-21.25|0.848|0.123|0.045|NRAO  |-0.86|-0.80
J1355+0940| |13 55 18.04 +09 40 22.9|0.619|PHOT  |21.20|-22.50|2.746|0.435|0.170|NRAO  |-0.82|-0.75
J1403+4953| |14 03 49.79 +49 53 05.4|0.491|SPEC  |20.76|-21.63|0.393|0.099|     |      |-0.61|
J1407+2722| |14 07 42.26 +27 22 07.6|0.235|SPEC  |18.31|-22.38|0.167|0.053|     |      |-0.51|
J1417+2019| |14 17 02.13 +20 19 03.3|0.535|PHOT  |20.57|-22.08|0.374|0.071|     |      |-0.74|
J1426+2712|a|14 26 46.41 +27 12 23.6|0.677|PHOT  |22.15|-21.86|0.711|0.155|0.053|NRAO  |-0.68|-0.86
J1437+3519| |14 37 56.45 +35 19 37.1|0.537|SPEC/Q|18.53|-22.87|0.268|0.096|0.064|NRAO  |-0.45|-0.32
J1445-0130| |14 45 47.33 -01 30 45.7|0.610|PHOT  |22.35|-21.29|1.307|0.185|     |      |-0.87|
J1500-0450| |15 00 16.24 -04 50 36.6|     |      |     |      |1.807|0.310|     |      |-0.78|
J1506+0740| |15 06 36.54 +07 40 16.9|0.684|PHOT  |21.99|-21.95|0.145|0.026|     |      |-0.76|
J1508+6137| |15 08 16.29 +61 37 56.3|0.385|PHOT  |22.09|-19.53|0.306|0.053|     |      |-0.78|
J1508-0730| |15 08 55.22 -07 30 36.4|     |      |     |      |0.265|0.080|     |      |-0.53|
J1509+2124| |15 09 04.13 +21 24 15.1|0.311|SPEC  |18.52|-22.30|0.613|0.149|0.060|NRAO  |-0.63|-0.73
J1511+0455| |15 11 49.30 +04 55 36.1|0.893|PHOT  |21.60|-23.66|0.446|0.081|     |      |-0.76|
J1517+2122| |15 17 04.61 +21 22 42.1|0.349|PHOT  |19.16|-21.91|1.405|0.243|0.107|NRAO  |-0.78|-0.66
J1522-0504| |15 22 45.38 -05 04 04.3|     |      |     |      |7.124|1.184|0.361|PMN   |-0.80|-0.95
J1542+1214| |15 42 02.85 +12 14 27.6|     |      |     |      |0.404|0.063|     |      |-0.83|
J1544+3044|a|15 44 13.39 +30 44 01.1|0.599|PHOT  |21.99|-21.23|1.126|0.239|0.093|NRAO  |-0.69|-0.75
J1547+2130| |15 47 19.43 +21 30 12.0|     |      |     |      |0.196|0.046|0.043|NRAO  |-0.64|-0.05
J1548+0149| |15 48 42.66 +01 49 19.4|0.609|PHOT  |20.99|-23.25|0.772|0.132|     |      |-0.79|
J1554+3811| |15 54 16.04 +38 11 32.5|0.194|SPEC/Q|20.77|-18.89|0.265|0.061|     |      |-0.65|
J1608+0122| |16 08 33.28 +01 22 31.0|     |      |     |      |0.299|0.024|     |      |-1.12|
J1608+2945| |16 08 09.55 +29 45 14.9|0.226|SPEC  |18.74|-21.15|0.198|0.060|     |      |-0.53|
J1622+0707| |16 22 45.42 +07 07 14.6|0.597|SPEC/Q|20.01|-23.18|0.748|0.163|0.067|NRAO  |-0.68|-0.71
J1648+2604| |16 48 57.36 +26 04 41.2|0.137|SPEC  |17.88|-20.81|0.456|0.145|0.090|NRAO  |-0.51|-0.38
J1715+4938| |17 15 47.52 +49 38 40.2|     |      |     |      |0.657|0.091|     |      |-0.88|
J2028+0035| |20 28 55.27 +00 35 12.6|0.192|PHOT  |17.51|-22.03|1.453|0.382|0.145|NRAO  |-0.59|-0.77
J2034+0052| |20 34 59.54 +00 52 21.4|0.321|PHOT  |19.25|-21.85|0.332|0.054|     |      |-0.81|
J2058+0311| |20 58 23.53 +03 11 24.4|     |      |     |      |0.708|0.268|0.095|NRAO  |-0.43|-0.83
J2100-0335| |21 00 53.62 -03 35 16.6|     |      |     |      |2.065|0.349|0.135|PMN   |-0.79|-0.76
J2147-0359| |21 47 31.06 -03 59 42.4|0.612|PHOT  |20.73|-22.55|0.530|0.135|     |      |-0.61|
J2228-0653| |22 28 02.33 -06 53 54.8|0.629|PHOT  |21.38|-22.51|0.581|0.127|     |      |-0.68|
J2236+0427| |22 36 28.89 +04 27 51.8|0.303|SPEC  |18.29|-22.62|1.638|0.442|0.130|NRAO  |-0.58|-0.98
J2320-0753| |23 20 20.30 -07 53 19.3|0.390|PHOT  |20.19|-21.32|0.262|0.049|     |      |-0.75|
J2332+0247| |23 32 59.28 +02 47 15.3|0.197|PHOT  |17.88|-21.68|0.663|0.247|0.121|NRAO  |-0.44|-0.57
