NDWFS J142445.51+331438.8 0.2675  -90.7  27.3   50.9  18.7  -84.5  18.3  4.36 0.58 0.84 0.11  0.41 0.21 0.08 0.03
NDWFS J142452.14+343209.4 0.2613  -14.3  32.5   51.7  12.7  -20.2  26.5  6.77 0.91 0.73 0.11  0.80 0.33 0.63 0.22
NDWFS J142505.76+324733.2 0.3694  -49.9  33.5  -40.8  22.2  -82.0  33.9  2.00 0.22 0.78 0.21  0.01 0.03 0.01 0.01
NDWFS J142506.00+350927.5 0.1921  -24.1  18.4   -2.6  12.5  -38.6  15.1  3.17 0.22 0.49 0.04  0.31 0.18 0.15 0.14
NDWFS J142508.07+345128.5 0.0533   16.4  22.0    7.7  14.4  -30.9  12.1  3.02 0.29 0.72 0.02  0.46 0.12 0.12 0.11
NDWFS J142508.76+334055.3 0.0712  -19.7  18.7  -36.5  15.7  -35.1  14.5  3.44 0.26 0.55 0.02  0.49 0.12 0.12 0.09
NDWFS J142509.24+334609.8 0.3601   22.1  27.0   51.4  18.6   48.7  31.4  9.68 1.29 0.70 0.22  0.00 0.01 0.19 0.16
NDWFS J142511.40+334805.0 0.1508    2.2  18.5   48.2  16.8   30.6  12.4  2.39 0.24 0.58 0.05  0.91 0.35 0.07 0.13
NDWFS J142516.26+333813.1 0.3209   -9.6  25.0   15.7  22.1  -42.5  24.8  4.59 0.29 0.75 0.06  0.64 0.16 0.10 0.07
NDWFS J142518.69+325417.3 0.2697  119.1  27.2  194.8  13.2   93.8  21.7  3.47 0.25 0.90 0.06  0.64 0.12 0.17 0.06
NDWFS J142523.71+352824.3 0.1835    3.5  17.5   15.2  16.2    8.3  16.2  8.52 0.19 0.25 0.01  0.32 0.03 0.08 0.02
NDWFS J142525.27+341934.2 0.1553 -113.2 285.4 -208.3 386.4 -133.9 196.0  1.56 0.46 0.72 0.15  0.27 0.28 0.03 0.08
NDWFS J142526.20+354329.3 0.1751  -36.8  16.0  -22.1  13.0  -40.2  12.3  2.81 0.18 0.64 0.03  0.42 0.13 0.04 0.06
NDWFS J142526.23+340933.7 0.2583  -13.2 116.4   -8.9 115.8    0.8 115.8  3.34 0.39 0.43 0.07  0.53 0.23 0.23 0.13
NDWFS J142529.05+332947.2 0.2077    0.7  30.5    3.4  19.2   -7.7  18.6  2.93 0.51 0.74 0.10  0.49 0.37 0.32 0.17
NDWFS J142531.40+354453.8 0.3013  -30.4  34.8 -126.6  33.7  -31.5  16.3  4.20 0.87 0.55 0.07  0.07 0.13 0.05 0.06
NDWFS J142532.32+333437.5 0.1926  -31.9  28.2 -160.5  27.5   54.5  25.5  2.63 0.19 0.56 0.03  0.55 0.12 0.02 0.03
NDWFS J142532.59+341817.6 0.3591   76.0  51.2  104.2  16.5   46.0  50.3  4.71 1.02 0.85 0.35  8.78 3.03 0.41 0.43
NDWFS J142540.14+354624.0 0.1268   43.0  17.6   71.2  12.5   26.9  10.7  6.77 1.31 1.16 0.04  0.63 0.12 0.19 0.07
NDWFS J142540.69+335634.9 0.3079  -91.4  37.3   13.8  15.0  -65.3  23.4  3.31 0.40 0.56 0.05  0.76 0.18 0.10 0.15
NDWFS J142541.88+345848.4 0.3302   23.4  58.8 -129.6  49.2  -65.2  81.7  1.75 0.48 1.09 0.14  1.09 2.18 0.26 0.15
NDWFS J142542.21+324103.3 0.2714   -2.2  16.1   -6.4  13.4  -10.1  16.6  6.09 0.25 0.60 0.05  0.74 0.13 0.29 0.06
NDWFS J142544.74+333407.0 0.1936   69.6  45.9  141.4 117.5   51.9  20.3  1.98 0.74 1.03 0.10  0.61 0.27 0.15 0.30
NDWFS J142544.76+354045.9 0.3549   22.7  61.2  -39.9  17.6   40.5  59.0  3.24 0.64 0.76 0.17 10.40 1.12 0.04 0.05
NDWFS J142546.25+332007.7 0.1934  185.7  11.1  185.7  11.1   86.7   8.2  2.12 0.19 0.58 0.05  0.28 0.11 0.12 0.09
NDWFS J142549.15+345033.3 0.0764   34.9  16.3   36.5  14.6   16.9  12.8  1.46 0.06 1.16 0.02  0.93 0.08 0.23 0.04
NDWFS J142551.39+353404.2 0.1859   46.5  15.0   66.1  11.1   42.4  11.7 10.24 0.40 1.22 0.04  0.68 0.09 0.13 0.06
NDWFS J142613.08+343515.3 0.3127    9.4  19.7   27.9  16.2   10.4  18.7  3.13 0.17 0.57 0.05  0.35 0.11 0.04 0.07
NDWFS J142616.78+342819.9 0.3028    1.6  14.0   -0.9  14.0   72.8  16.6  5.03 0.21 0.56 0.03  0.49 0.04 0.11 0.02
NDWFS J142621.35+333347.1 0.2638   28.4  40.0  -61.4  20.9  -32.8  20.2  4.25 0.74 0.67 0.09  0.91 0.38 0.16 0.07
NDWFS J142633.18+350145.0 0.2999   25.8  18.3 -129.7  18.0   19.2  13.4  9.90 1.43 0.76 0.06  0.78 0.18 0.20 0.15
NDWFS J142637.90+344107.5 0.3506   -0.8 161.2   -6.8  92.6  -14.2 111.3  1.74 0.72 1.33 0.46  0.88 0.68 1.29 0.46
NDWFS J142638.57+332630.9 0.2356   -5.6  13.2    1.2  12.6   -8.5  12.7  9.73 0.38 0.49 0.01  0.40 0.04 0.11 0.03
NDWFS J142640.40+344259.3 0.2076    6.9  20.8   78.8  14.8    0.5  15.8  2.30 0.14 0.61 0.03  0.45 0.17 0.06 0.06
NDWFS J142644.21+350942.9 0.1725   49.4  23.6   24.8  26.8   14.2  13.1  2.14 0.25 1.08 0.08  1.09 0.35 0.21 0.18
NDWFS J142657.48+333119.6 0.2629   86.7  43.0  116.8  15.0   82.0  34.3  5.15 0.63 0.97 0.12  1.12 0.49 0.47 0.23
NDWFS J142658.40+331525.0 0.3008  -48.2  27.4   27.8  16.8   -2.7  20.6  3.18 0.44 0.61 0.07  0.67 0.25 0.17 0.18
NDWFS J142712.19+353630.0 0.0759  -27.7  14.3  -35.5   9.8  -40.4   9.8  9.84 1.17 1.64 0.19  0.95 0.11 0.26 0.06
NDWFS J142715.34+335822.0 0.2154  -30.9  13.3  -19.9   9.3  -49.7   9.9  5.25 0.33 0.50 0.02  0.57 0.11 0.14 0.06
NDWFS J142715.44+345453.9 0.2484  -38.1  39.6   80.4  13.8   -5.7  16.0  4.91 0.81 0.60 0.06  0.71 0.35 0.22 0.18
NDWFS J142719.11+344141.1 0.2111  -70.2  28.5    6.4  10.9  -17.7  18.0 12.32 1.65 0.49 0.05  0.54 0.27 0.01 0.05
NDWFS J142736.39+332548.0 0.3211   42.3  39.4  -29.1 236.0   49.8  27.3  8.69 2.41 0.43 0.11  9.40 1.53 0.12 0.23
NDWFS J142744.76+351006.1 0.2409  -44.9  26.3  -75.3  39.9  -49.1  15.0  1.44 0.27 0.84 0.09  0.83 0.37 0.06 0.14
NDWFS J142750.54+324347.9 0.2167   23.8  15.8   39.0  10.2   24.6  12.5  7.85 0.52 1.04 0.03  0.50 0.08 0.20 0.05
NDWFS J142757.16+334529.4 0.3119   -3.4  69.9  -44.9  86.1   -6.9  58.4  3.78 1.43 0.37 0.14  3.29 0.58 0.17 0.55
NDWFS J142808.74+351054.3 0.3366    6.1 129.0   -5.9  24.4  -14.8 100.   5.67 3.12 0.57 0.33  0.22 0.90 0.06 0.15
NDWFS J142810.78+340219.0 0.2371   16.5  22.2  -97.7  13.5    3.5  16.0  2.23 0.13 0.57 0.03  0.36 0.10 0.06 0.04
NDWFS J142813.77+335626.5 0.1311  -36.0  18.6  -67.5  11.7  -65.7  11.7  5.50 0.38 1.15 0.03  0.87 0.18 0.22 0.11
NDWFS J142816.16+325053.6 0.2632   69.7  92.1   67.9  22.5  -15.3  72.4  5.14 1.27 1.20 0.16  1.29 0.24 0.30 0.09
NDWFS J142829.25+333327.8 0.2624  -45.0  76.7  -77.0  28.8  -33.9  35.8  5.76 1.63 0.97 0.14  0.32 0.22 0.28 0.25
NDWFS J142834.04+330534.0 0.3136  120.7  38.1   98.5  12.7   59.1  42.2  9.21 1.52 0.54 0.14  0.76 1.52 0.48 0.26
NDWFS J142847.29+344318.0 0.1935  215.7 137.1   69.8  49.5  202.3  66.8  2.17 0.83 0.84 0.12  0.49 0.51 0.15 0.13
NDWFS J142849.00+343255.0 0.2148  -50.9  44.7   50.3  31.4   14.4  20.8  1.40 0.25 1.21 0.12  0.98 0.48 0.40 0.14
NDWFS J142849.14+333659.0 0.2594   -6.4  20.5   12.8  15.9   -9.2  17.8  8.41 1.31 0.60 0.09  0.81 0.18 0.15 0.10
NDWFS J142851.28+350612.5 0.3427  -20.8  32.9   19.2  20.4  -10.9  23.5  4.07 0.79 0.82 0.11 18.86 1.41 0.23 0.08
NDWFS J142854.74+345311.8 0.3571  104.7  35.0  -16.1  68.3  103.6  45.7  3.57 1.30 0.80 0.47  0.23 0.46 0.91 1.80
NDWFS J142855.06+342148.2 0.3296   42.2  35.4  -34.8  12.2  -86.1  46.2  9.13 2.13 0.64 0.28  2.01 0.81 0.03 0.06
NDWFS J142855.45+342240.1 0.1254    7.7  28.5  -10.9  24.7    9.0  24.4  2.36 0.21 0.64 0.03  0.59 0.17 0.07 0.06
NDWFS J142900.00+330318.4 0.1285   -9.0  31.5   -1.6  16.0  -17.8  17.3  2.58 0.24 0.72 0.04  0.32 0.15 0.07 0.07
NDWFS J142907.58+335836.4 0.1244   16.5  15.7  -11.6  12.6  -72.8  12.2  5.13 0.17 1.08 0.01  0.50 0.08 0.13 0.03
NDWFS J142910.62+334835.3 0.3136  -65.7 128.2    0.5  58.7  -87.2 101.8  3.12 1.43 1.30 0.35  1.70 0.73 0.19 0.21
NDWFS J142918.25+354611.8 0.2450   16.4  74.7   75.2  44.7   26.6  32.1  1.71 0.48 0.75 0.15  0.79 0.51 0.23 0.35
NDWFS J142918.59+343856.9 0.0993  -34.5  15.7  -45.2  11.7  -64.4  11.9  6.76 0.39 1.80 0.08  0.84 0.09 0.17 0.05
NDWFS J142920.69+353947.5 0.2559  -15.6  32.0  -33.4  19.0  -61.8  21.5  7.91 2.36 0.59 0.06  0.67 0.26 0.21 0.11
NDWFS J142935.54+350757.2 0.0827   19.7  25.0   14.4  14.9   -7.1  15.5  6.94 1.64 0.79 0.15  0.50 0.16 0.10 0.10
NDWFS J142937.96+330710.0 0.2166  -49.8  37.7  -16.3  23.6  -32.3  15.7  2.35 0.41 0.65 0.07  0.16 0.24 0.15 0.18
NDWFS J142938.07+343902.6 0.3071   -3.0  36.6  -71.2  17.6  -56.2  23.7  4.03 0.90 0.68 0.13  0.59 0.32 0.30 0.21
NDWFS J142939.69+335336.8 0.1297  -26.0  21.8  -42.4  12.6  -23.8  14.2 11.24 0.71 1.31 0.09  0.42 0.12 0.20 0.09
NDWFS J142948.94+344854.0 0.0944  -39.5  16.9  -15.8  13.0  -35.7  10.3  2.88 0.26 0.66 0.03  0.55 0.17 0.10 0.08
NDWFS J142950.92+331854.7 0.1315   -9.1  20.2  -25.6  22.4  -40.3  10.3  1.08 0.14 1.16 0.03  0.53 0.13 0.13 0.09
NDWFS J142951.38+325036.6 0.2704   34.3  29.2    8.0  20.9  -15.3  20.4  3.38 0.38 0.87 0.10  0.76 0.36 0.23 0.31
NDWFS J142957.11+353054.7 0.2634  -63.3 107.1   40.9  15.4  -78.1  62.7  2.90 0.42 0.58 0.10  0.27 0.15 0.07 0.44
NDWFS J142959.37+342241.6 0.2652   16.6  40.5  -14.6  56.8   -0.3  21.1  1.87 0.33 1.94 0.17  1.13 0.44 0.41 0.26
NDWFS J143000.82+352018.7 0.1276   15.7  44.0  -25.7  20.6   38.9  16.1  7.54 1.93 0.78 0.08  0.41 0.26 0.27 0.21
NDWFS J143003.15+340651.3 0.1255  -44.6  19.6  -27.2  19.0  -40.8  18.4  3.56 0.20 1.03 0.05  0.75 0.08 0.23 0.04
NDWFS J143012.74+343201.5 0.2443  -81.2  32.7  -42.0  18.3  -35.5  17.7  2.02 0.26 0.65 0.05  0.57 0.36 0.09 0.15
NDWFS J143012.96+331842.8 0.3213  -37.2  19.5  -54.4  15.2  -93.6  26.2  6.52 0.70 0.61 0.13  1.07 0.23 0.01 0.03
NDWFS J143019.83+334047.2 0.2313   40.9  56.7   73.7  79.0   66.3  18.1  4.39 1.59 1.61 0.15  0.49 0.17 0.37 0.20
NDWFS J143025.02+325358.1 0.2695   -8.6  31.9   36.5  21.0    3.9  25.7  5.60 0.73 1.12 0.15  0.58 0.22 0.35 0.70
NDWFS J143035.05+330813.0 0.3207 -167.7  95.9    1.0  19.4  -72.4  92.7  1.28 0.25 0.85 0.16  0.87 1.74 0.01 0.02
NDWFS J143039.08+341802.4 0.1891  -24.3  20.5 -206.2  19.1  -49.6  16.0  3.52 0.25 0.54 0.03  0.32 0.06 0.07 0.05
NDWFS J143044.06+335224.5 0.2297  190.2  46.2  227.1  37.5  226.5  37.3  1.86 0.12 0.75 0.03  0.56 0.08 0.16 0.06 LINER
NDWFS J143053.21+345640.0 0.3080  -26.8  40.3 -113.3  51.7  -38.8  66.9  6.85 2.54 0.81 0.37  1.00 2.95 0.44 1.01
NDWFS J143053.69+345836.4 0.0839 -111.7  17.2 -131.7  16.8 -126.2  16.8  3.39 0.10 0.86 0.02  0.33 0.02 0.07 0.01 Seyfert
NDWFS J143055.10+345641.2 0.1286   80.9  13.5   88.4  10.1   64.4  11.5  9.12 0.46 0.49 0.02  0.36 0.06 0.09 0.04
NDWFS J143056.82+342247.5 0.3308   -9.5  31.0   34.3  21.8   42.9  23.1  3.45 0.44 0.48 0.13  1.62 0.23 0.03 0.05
NDWFS J143101.54+332341.2 0.3512   12.6  21.4  -44.4  29.9    1.9  15.7  1.92 0.31 0.92 0.20  0.00 0.01 0.10 0.09
NDWFS J143103.95+332702.4 0.2484  -57.6  19.8  -45.3  17.3  -60.8  13.7  4.69 0.65 0.88 0.05  0.49 0.19 0.01 0.01
NDWFS J143111.37+325352.9 0.2722  140.5 114.8  -48.2  30.6   18.4 106.2  3.37 0.62 1.14 0.20  0.18 0.12 0.13 0.11
NDWFS J143117.04+325738.5 0.3191   -5.9  59.4  -47.4  24.1  -48.3  37.2  5.38 0.88 0.81 0.11  1.89 0.24 0.04 0.03
NDWFS J143121.55+343514.6 0.1215   65.2  34.3  130.2  16.4  -13.6  17.1  4.10 0.38 0.83 0.03  0.52 0.21 0.08 0.08
NDWFS J143121.88+344046.3 0.3476    7.4  58.1 -161.2  23.0   12.5  60.4  6.98 1.88 2.13 1.15  0.18 0.68 2.13 1.97
NDWFS J143125.78+341550.4 0.1796  -31.1  55.0   -9.6  16.5   -7.1  19.2 10.18 3.72 0.45 0.08  0.40 0.31 0.07 0.08
NDWFS J143128.71+344711.8 0.2816    4.3  20.5  -54.4  12.1  -17.3  15.2  6.75 0.60 0.59 0.04  0.60 0.18 0.05 0.05
NDWFS J143131.12+342722.5 0.1881  -13.7  27.4  -18.1  19.2  -58.1  16.7  3.68 0.32 1.13 0.05  1.02 0.19 0.40 0.08
NDWFS J143140.72+330317.3 0.1926   26.8  24.6  -20.4  15.1    4.0  14.8  2.75 0.30 0.69 0.08  0.17 0.18 0.16 0.31
NDWFS J143142.75+335017.6 0.2250  -26.5  27.1   26.9  15.8  -25.0  16.5  5.72 0.55 1.00 0.05  0.54 0.16 0.07 0.05
NDWFS J143149.44+343437.4 0.3134  -52.8  26.9 -149.4  22.5  -95.6  23.0  2.31 0.16 0.59 0.04  0.13 0.11 0.17 0.08
NDWFS J143150.64+330311.3 0.2549   55.1  33.7   38.1  31.2  -39.0  21.3  2.84 0.53 1.21 0.19  0.81 0.53 0.18 0.16
NDWFS J143155.37+342321.7 0.3402  -39.1  18.3  -19.4 110.9  -61.9  16.7  3.89 0.28 0.57 0.09  1.27 0.35 0.32 0.38
NDWFS J143158.50+342514.8 0.2336   83.9  25.0   13.3  12.2   16.9  15.8  7.60 1.77 1.18 0.25  0.89 0.28 0.27 0.55
NDWFS J143201.54+333410.4 0.2543  -48.5  21.6   58.3  17.7  -41.3  15.2  1.87 0.18 0.71 0.04  0.28 0.15 0.06 0.13
NDWFS J143208.27+353255.5 0.0834 -238.6  86.7 -217.3   3.6 -150.4   8.0  7.46 0.01 1.31 0.04  0.44 0.34 0.12 1.52 Seyfert
NDWFS J143208.27+353255.5 0.0834  126.6  87.1  148.0   3.0  184.8   8.1  6.13 0.27 1.46 0.05  0.52 0.41 0.05 2.00 Seyfert
NDWFS J143208.63+342942.7 0.2643  -17.6  22.2  -55.8  16.9   -1.1  20.5  2.40 0.12 0.84 0.04  0.91 0.16 0.43 0.15
NDWFS J143210.24+342247.3 0.2652   30.3  63.3  -45.0  66.0  -29.4  31.6  1.49 0.34 1.13 0.18  0.85 0.27 0.53 0.29
NDWFS J143217.06+345228.2 0.1720 -171.1  49.0 -372.0  29.8 -186.6  43.5  3.40 1.77 0.98 0.44  0.35 0.19 0.07 0.08
NDWFS J143219.66+331015.1 0.1959   25.5  48.1   35.0  17.2   16.9  24.7  5.00 0.64 0.81 0.09  0.45 0.23 0.23 0.28
NDWFS J143223.72+341147.1 0.1790  -87.1 115.9 -149.0 167.4  -44.2  60.0  2.86 1.18 0.83 0.11  0.97 1.02 0.07 0.15
NDWFS J143232.51+340625.5 0.0420  -55.8  30.1  -53.8  30.0  -75.4  30.3  3.27 0.16 0.60 0.02  0.36 0.01 0.06 0.01
NDWFS J143237.75+332447.9 0.3231  -43.2  58.0   20.1  42.9  -34.9  27.0 12.47 3.07 1.06 0.13  0.33 0.26 0.12 0.09
NDWFS J143245.94+351154.5 0.1929  -50.5 102.8   47.0  70.4  -29.8  45.4  3.39 1.32 0.53 0.14  0.20 0.44 0.01 0.03
NDWFS J143249.13+341444.8 0.2740   72.7  76.2  -36.7  14.9  -10.3  44.5  2.39 0.24 1.13 0.10  0.15 0.29 0.11 0.24
NDWFS J143252.43+341444.2 0.1612  -21.8  19.0  -15.9  18.7  -45.1  18.5  4.11 0.35 0.70 0.02  0.76 0.09 0.14 0.07
NDWFS J143300.57+343648.4 0.1505 -192.1  19.5 -166.8  18.8 -190.5  18.3  4.87 0.21 1.00 0.04  0.40 0.06 0.07 0.03
NDWFS J143302.63+335442.8 0.1757  -28.7  16.8  -47.7  16.4  -39.5  16.3  6.30 1.17 0.74 0.10  0.64 0.09 0.11 0.04
NDWFS J143304.00+340353.3 0.2642  -57.7  28.2  -85.4  25.5  -17.4  26.9  2.99 0.31 0.43 0.03  0.41 0.09 0.13 0.05
NDWFS J143304.20+351056.0 0.2844  -35.6  50.0  -58.5  19.8   21.0  21.7  4.52 0.81 0.67 0.08  0.80 0.45 0.06 0.07
NDWFS J143316.48+353259.3 0.1994 -102.4  22.5  -93.3  14.3 -107.4  13.8  3.10 0.36 0.41 0.04  0.39 0.26 0.11 0.19 Seyfert
NDWFS J143317.07+344912.0 0.3637 -132.7  29.9 -158.6  30.2 -138.2  29.7  4.23 1.41 0.41 0.03  0.86 0.18 0.07 0.09 ambiguous b
NDWFS J143324.34+333818.7 0.3278  -12.5  29.7  -20.7  16.7   -3.1  24.5  3.52 0.61 0.43 0.10  7.30 0.76 0.54 0.26
NDWFS J143340.95+335757.8 0.3277  -36.8  57.3   86.7  25.1   35.2  30.8  2.37 0.52 0.76 0.16  0.09 0.08 0.13 0.14
NDWFS J143346.00+351926.6 0.1932  -18.5  45.4  -21.3  16.8  -24.1  29.6  4.74 1.10 0.24 0.09  0.36 0.28 0.07 0.06
NDWFS J143358.53+330323.7 0.2414  -15.6  28.1  -20.3  16.2  -19.6  15.1  3.33 0.39 1.19 0.06  0.66 0.17 0.04 0.08
NDWFS J143359.71+351020.5 0.3372 -190.6  79.8 -156.2  29.4 -146.9 114.3  3.16 0.23 0.80 0.41  1.08 2.25 0.25 3.14 LINER
NDWFS J143359.71+351020.5 0.3372   57.7  79.2   92.2  28.6   60.2 106.7  2.81 0.26 0.80 0.36  0.58 1.73 0.15 3.13 Seyfert
NDWFS J143400.03+350856.7 0.2218   31.7 110.5    1.9  25.2   11.6  51.4 13.81 6.10 0.67 0.13  0.57 0.47 0.47 0.26
NDWFS J143406.24+353137.5 0.1600  -40.9  20.1   -3.9  14.6  -24.5  16.6  2.73 0.20 0.87 0.06  0.58 0.18 0.05 0.08
NDWFS J143407.32+332917.2 0.3288  -27.0  23.8  -54.7  20.3    6.3  17.6  2.03 0.32 0.74 0.09  0.39 0.23 0.07 0.14
NDWFS J143409.53+334648.9 0.2124    0.0  26.8    0.0  26.8    0.0  26.8 10.68 0.16 0.34 0.01  0.24 0.01 0.06 0.01
NDWFS J143410.38+334116.0 0.3273  203.1  31.4  221.6  18.4  147.7  22.7 13.46 1.51 0.57 0.09  0.04 0.14 0.18 0.13
NDWFS J143411.34+335731.2 0.3080   31.4  25.1   46.4  13.1   34.9  16.1  6.18 0.73 0.61 0.05  0.78 0.15 0.10 0.12
NDWFS J143415.37+335036.4 0.1604   39.7  70.7   25.7  75.5   19.7  71.2  2.87 1.15 0.54 0.13  0.62 0.51 0.31 0.38
NDWFS J143417.81+353611.1 0.3066   -9.1  56.2  -38.5  12.7   17.5  30.0  5.58 1.31 0.88 0.21  1.68 0.45 0.40 0.28
NDWFS J143423.25+334017.6 0.2742  -51.3  68.4 -113.6  31.6  -43.4  46.5  3.44 1.09 0.92 0.14  0.34 0.35 0.08 0.07
NDWFS J143426.56+334747.5 0.2782  -58.5  85.9   34.2  46.2  -59.0 105.8  8.34 3.46 0.60 0.34  0.64 1.43 0.45 0.57
NDWFS J143434.10+330046.7 0.2443  -69.6  54.1  -64.0  10.6  -62.1  20.8 11.27 2.14 1.71 0.17  0.84 0.44 0.24 0.35
NDWFS J143441.05+335521.6 0.2527  -46.6  25.2  -43.9  11.0  -41.3  17.5  7.51 0.74 1.58 0.13  1.19 0.32 0.44 0.25
NDWFS J143445.36+332821.5 0.1980  -47.7  90.6 -198.4  53.5 -137.7  49.3  5.28 0.58 0.86 0.11  1.17 0.17 0.16 0.10
NDWFS J143446.89+351702.2 0.1892   -3.2  33.6   -3.0  22.6    8.2  26.8  7.56 2.05 0.98 0.27  0.85 0.34 0.21 0.22
NDWFS J143459.33+340515.2 0.1913   -3.3  34.8  -18.1  19.5   18.5  18.1  3.13 0.64 0.72 0.10  0.65 0.35 0.19 0.15
NDWFS J143511.84+340321.0 0.3232   12.4  16.6   54.2  12.5    9.1  18.0  9.01 0.41 0.73 0.05  0.90 0.09 0.08 0.03
NDWFS J143512.68+330533.5 0.3228   26.7  35.6 -127.6  16.9  -39.3  29.2  2.64 0.37 0.76 0.10  0.92 0.21 0.01 0.03
NDWFS J143515.90+355024.2 0.1598   15.8  51.3   42.6  14.9  -16.8  18.9  8.90 1.41 1.38 0.10  1.10 0.32 0.08 0.13
NDWFS J143519.42+353622.2 0.3157   -2.2  32.5    1.7  17.5   35.5  27.4  3.57 0.44 1.02 0.16  1.05 0.26 0.22 0.19
NDWFS J143528.04+353414.8 0.0968   -9.2  28.8   40.0  16.3    5.7  16.6  6.52 1.46 1.43 0.30  0.68 0.19 0.09 0.07
NDWFS J143538.34+335345.4 0.3289  -48.0  65.3   31.8  65.3  -75.0  37.5  1.71 0.57 0.81 0.17  0.41 0.19 0.18 0.10
NDWFS J143551.32+343851.3 0.2053   15.9  33.7   22.5  16.1   12.9  15.5  2.83 0.95 0.58 0.04  0.28 0.09 0.03 0.07
NDWFS J143552.45+334726.2 0.3419  -11.0  85.1  -35.4  69.3   11.8  73.5  1.12 0.49 1.02 0.38  5.77 1.52 0.03 0.06
NDWFS J143558.50+340628.2 0.1917   31.2  36.2   -2.9  17.5   34.5  35.2  4.06 0.72 0.78 0.14  1.00 0.56 0.13 0.23
NDWFS J143609.87+334946.5 0.3419   -4.8  21.1   17.5   9.6    3.5  16.4  7.68 0.64 0.34 0.12  0.48 0.24 0.28 0.14
NDWFS J143615.12+335308.3 0.3342   16.7  22.3   96.3  14.1   22.7  25.8  6.93 0.55 0.76 0.07  0.31 0.09 0.11 0.03
NDWFS J143615.16+334814.7 0.3478 -106.1  21.1 -140.1  14.6  -65.8  17.2  4.87 0.53 0.74 0.08  1.00 0.30 0.16 0.07
NDWFS J143616.38+350914.8 0.3417   39.6  30.7   -5.0  18.0   33.2  50.8  1.85 0.34 1.01 0.20  3.17 0.44 0.02 0.05
NDWFS J143628.36+353817.3 0.1584   31.7  52.1  -31.6  19.0  -35.5  21.6  3.43 0.53 0.98 0.11  0.43 0.20 0.11 0.08
NDWFS J143633.16+334805.6 0.2179   -5.2  25.2  -11.6  10.1  -12.2  14.9  6.02 0.68 0.69 0.06  0.43 0.21 0.05 0.06
NDWFS J143633.48+351713.9 0.2184  -11.2  84.1   61.7  46.4   64.6  97.4  1.61 0.52 0.75 0.34  0.67 1.01 0.27 0.54
NDWFS J143634.54+334533.0 0.3272   29.2  36.8   36.3  28.4    1.6  51.0  2.97 0.52 0.99 0.16  1.47 0.44 0.48 0.36
NDWFS J143645.79+333944.8 0.2637  -13.0  28.7  -18.4  27.3   -7.6  27.8  3.94 1.35 0.38 0.11  0.22 0.09 0.06 0.04
NDWFS J143710.03+343530.1 0.1266  -90.7  20.0 -103.3  19.5  -98.6  19.6  2.41 0.14 0.64 0.03  0.24 0.02 0.03 0.01 ambiguous
NDWFS J143716.79+344444.7 0.2603   15.6  50.6    4.5  18.8  -16.2  21.1  3.17 0.75 0.70 0.13  0.71 0.28 0.16 0.17
NDWFS J143719.33+354547.7 0.3580   22.9  51.3  116.5  50.6   -2.0  51.0 10.30 0.63 1.01 0.05  0.02 0.03 0.13 0.04
NDWFS J143722.75+334327.3 0.3400   -5.2  49.0  -33.9  53.0  -12.7  54.6  1.31 0.26 0.83 0.16  1.07 0.44 0.32 0.20
NDWFS J143727.58+353705.9 0.3152  -29.2  52.0   67.4  32.8  -62.7  32.2  1.49 0.29 0.83 0.21  0.96 0.25 0.23 0.07
NDWFS J143735.04+332913.1 0.2446  221.0  58.1   77.5  28.0  115.1  37.9 10.20 2.31 0.87 0.21  2.12 0.41 0.07 0.10
NDWFS J143737.12+340413.6 0.1870  -38.4  47.2  -18.6  10.9  -58.3  15.4  6.47 1.13 0.75 0.09  0.66 0.27 0.20 0.21
NDWFS J143738.41+352232.0 0.2360  -55.1  15.2  -71.5   8.9  -47.1  11.4  4.36 0.25 0.61 0.04  0.42 0.23 0.14 0.08
NDWFS J143739.11+354721.7 0.1542  -55.7  32.6  -16.4  23.4   52.1  19.9  4.10 0.70 1.01 0.10  1.07 0.30 0.10 0.04
NDWFS J143750.37+353157.9 0.3122  -58.2  48.2  -95.9  96.5  -42.5 107.6  6.06 2.27 0.90 0.38  4.54 1.75 4.87 1.95
NDWFS J143804.81+333802.3 0.3373   14.4  29.3   33.7  28.0    1.4  28.8  6.90 0.63 0.69 0.06  1.00 0.07 0.09 0.02
NDWFS J143809.88+352737.7 0.2036  -55.4  39.3  -38.7  47.6  -84.3  26.3  1.69 0.31 0.97 0.07  0.66 0.19 0.15 0.10
NDWFS J143810.96+340754.1 0.2644    1.4  25.3   35.1  18.4    9.5  20.7  4.85 0.37 1.34 0.10  0.67 0.20 0.36 0.10
NDWFS J143817.90+335421.0 0.3405   19.9  20.7   40.4  15.4   36.9  21.1  7.37 0.40 0.61 0.05  0.03 0.02 0.07 0.05
NDWFS J143827.76+340502.8 0.3363   92.4  27.4   19.0  25.4   80.4  29.0  3.30 0.28 0.66 0.06  0.33 0.07 0.26 0.04
NDWFS J143833.71+335723.6 0.3350   12.9  17.7  -71.1  14.6  -14.8  17.7  3.13 0.55 0.69 0.03  0.09 0.04 0.02 0.02
