PP SDSS J024907.77+003917.1 02 49 07.778 +00 39 17.12 19.36 2.00 2.175 2.25 0.48   2.164   36.7 4.90
PP SDSS J024907.86+003912.4 02 49 07.866 +00 39 12.40 20.63 0.45 0.675 0.85 0.84  *        36.7 4.90
PP SDSS J083649.45+484150.0 08 36 49.456 +48 41 50.08 19.31 0.45 0.675 0.80 0.67   0.657   18.0 4.09
PP SDSS J083649.55+484154.0 08 36 49.554 +48 41 54.06 18.50 1.50 1.675 1.95 0.94   1.712   18.0 4.09
PP SDSS J090235.35+563751.8 09 02 35.356 +56 37 51.84 20.95 1.15 1.275 1.45 0.98   1.39     4.5 5.42
PP SDSS J090235.73+563756.2 09 02 35.731 +56 37 56.29 20.56 1.05 1.225 1.45 0.98   1.34     4.5 5.42
PP SDSS J095454.73+373419.7 09 54 54.735 +37 34 19.79 19.57 0.95 1.475 1.65 0.90  f1.544   37.1 3.14
PP SDSS J095454.99+373419.9 09 54 54.999 +37 34 19.99 18.91 1.45 1.575 1.95 0.94   1.892   37.1 3.14
PP SDSS J114718.44+123439.8 11 47 18.448 +12 34 39.84 20.91 1.45 1.625 2.00 0.66   1.583   10.2 4.76
PP SDSS J114718.66+123436.3 11 47 18.668 +12 34 36.33 19.80 2.15 2.225 2.60 0.54   2.232   10.2 4.76
PP SDSS J120450.54+442835.8 12 04 50.543 +44 28 35.89 19.04 0.95 1.125 1.45 0.98   1.144    5.6 3.06
PP SDSS J120450.78+442834.2 12 04 50.784 +44 28 34.25 19.48 1.35 1.725 1.95 0.78   1.814    5.6 3.06
PP SDSS J124948.12+060709.0 12 49 48.127 +06 07 09.04 20.41 2.20 2.325 2.65 0.89   2.001   23.3 5.04
PP SDSS J124948.17+060714.0 12 49 48.179 +06 07 14.02 20.38 1.85 2.075 2.20 0.58   2.376   23.3 5.04
PP SDSS J125530.44+630900.5 12 55 30.445 +63 09 00.51 20.30 1.50 1.675 1.90 0.88   1.753   20.0 3.01
PP SDSS J125530.82+630902.0 12 55 30.823 +63 09 02.09 20.60 1.10 1.375 1.50 0.98   1.393   20.0 3.01
PP SDSS J142359.48+545250.8 14 23 59.484 +54 52 50.83 18.63 1.00 1.175 1.45 0.973  1.409I  31.2 4.94
PP SDSS J142400.00+545248.7 14 24 00.006 +54 52 48.79 19.93 1.45 1.575 1.90 0.772  0.610I  31.2 4.94
PP SDSS J162902.59+372430.8 16 29 02.594 +37 24 30.85 19.17 0.80 0.975 1.10 0.93  m0.923   25.2 4.35
PP SDSS J162902.63+372435.1 16 29 02.634 +37 24 35.17 19.35 0.70 0.925 1.10 0.98  m0.906   25.2 4.35
PP SDSS J171334.41+553050.3 17 13 34.414 +55 30 50.36 18.88 1.00 1.375 1.45 0.968  1.276I 176.  5.83
PP SDSS J171335.03+553047.9 17 13 35.037 +55 30 47.91 19.11 2.00 2.175 2.20 0.686 *     I 176.  5.83
PP SDSS J211157.24+091559.3 21 11 57.248 +09 15 59.33 20.73 0.95 1.275 1.40 0.995  nan    172.  5.06
PP SDSS J211157.26+091554.2 21 11 57.269 +09 15 54.28 19.83 1.00 1.325 1.35 0.983 *     S 172.  5.06
BQ SDSS J0959+5449A         09 59 07.060 +54 49 08.09 20.60 1.90 2.025 2.15 0.59   1.956   18.8 3.94
BQ SDSS J0959+5449B         09 59 07.471 +54 49 06.38 20.07 1.40 1.575 2.10 0.90   1.954   18.8 3.94
BQ SDSS J1259+1241A         12 59 55.464 +12 41 51.06 19.99 1.95 2.175 2.30 0.43   2.180    6.5 3.55
BQ SDSS J1259+1241B         12 59 55.617 +12 41 53.81 20.09 1.90 2.175 2.25 0.52   2.189    6.5 3.55
BQ SDSS J1303+5100A         13 03 26.144 +51 00 51.00 20.54 1.50 2.075 2.20 0.82   1.686    4.3 3.81
BQ SDSS J1303+5100B         13 03 26.177 +51 00 47.21 20.37 1.60 1.775 2.00 0.93   1.684    4.3 3.81
BQ SDSS J1337+6012A         13 37 13.085 +60 12 09.70 20.04 1.30 1.775 2.05 0.66   1.721    0.5 3.12
BQ SDSS J1337+6012B         13 37 13.133 +60 12 06.60 18.59 1.50 1.625 1.95 0.94   1.727    0.5 3.12
BQ SDSS J1432-0106A         14 32 28.949 -01 06 13.55 21.10 1.55 2.125 2.25 0.69   2.082    4.1 5.13
BQ SDSS J1432-0106B         14 32 29.247 -01 06 16.06 17.83 1.90 2.025 2.15 0.96  h2.082    4.1 5.13
BQ SDSS J1530+5304A         15 30 38.564 +53 04 04.03 20.56 1.45 1.575 1.95 0.65   1.531    7.2 4.11
BQ SDSS J1530+5304B         15 30 38.824 +53 04 00.65 20.70 1.40 1.725 2.15 0.93   1.533    7.2 4.11
BQ SDSS J1637+2636A         16 37 00.881 +26 36 13.71 20.61 0.45 0.575 0.85 0.46   1.961D   2.8 3.90
BQ SDSS J1637+2636B         16 37 00.932 +26 36 09.87 19.36 1.40 1.525 1.80 0.64   1.961D   2.8 3.90
BQ SDSS J1723+5904A         17 23 17.307 +59 04 42.79 20.31 1.45 1.725 2.25 0.63   1.597    3.9 3.72
BQ SDSS J1723+5904B         17 23 17.421 +59 04 46.41 18.88 1.55 1.725 1.90 0.94   1.604    3.9 3.72
BQ SDSS J2214+1326A         22 14 26.792 +13 26 52.38 20.64 1.55 2.025 2.20 0.85   1.995   35.0 5.81
BQ SDSS J2214+1326B         22 14 27.032 +13 26 57.01 20.34 1.65 1.825 2.05 0.96   2.002   35.0 5.81
CL SDSS J1004+4112A         10 04 34.800 +41 12 39.29 18.64 1.55 1.725 2.00 0.94  c1.734i   1.9 3.76
CL SDSS J1004+4112B         10 04 34.917 +41 12 42.81 19.04 1.55 1.725 2.15 0.79   1.734i   1.9 3.76
CL SDSS J1206+4332A         12 06 29.648 +43 32 17.57 18.78 1.65 1.825 2.05 0.96   1.789o  46.4 3.04
CL SDSS J1206+4332B         12 06 29.652 +43 32 20.61 19.38 1.95 2.175 2.35 0.53   1.789o  46.4 3.04
