  1 J090012.70+183439.2 53729 2283 160 0.08118 16.97 J090012.30+183436.8 53700 2285 316 0.08040 17.17 normal galaxy
  2 J101455.13+003337.5 51909  270 586 0.18723 17.16
  3 J135432.27+582345.8 52668 1158 517 0.06061 14.34
  4 J000249.07+004504.8 51793  388 345 0.08663 16.08 J000249.44+004506.7 52203  685 593 0.08653 16.43 normal galaxy
  5 J081423.00+033628.3 52641 1184 230 0.17077 19.28
  6 J081705.22+032146.2 52641 1184  53 0.09329 17.11
  7 J091954.54+325559.8 52990 1592 160 0.04928 17.43
  8 J095900.10+293337.6 53436 1950 218 0.17887 17.54
  9 J100602.14+071131.0 52751 1236  54 0.12148 18.62 J100602.51+071131.8 52641  996 328 0.12051 15.77 normal galaxy
 10 J102207.37-000415.5 51883  271  39 0.12547 17.26
 11 J103231.31+145038.7 54178 2592  98 0.09824 17.55
 12 J103850.90+184423.7 54175 2593 543 0.16908 17.22
 13 J104136.59+540348.7 52368  906 249 0.07141 15.84
 14 J114642.47+511029.6 52368  881 241 0.12999 16.89
 15 J122908.05+393239.5 53475 1986  52 0.12654 16.19
 16 J123006.58+004853.7 51990  289 576 0.10992 16.45
 17 J130505.91+183247.2 54479 2603 409 0.11744 17.42
 18 J130941.33+594521.7 52410  958 433 0.16457 17.03
 19 J131756.89+224526.2 54507 2651 572 0.05989 15.07
 20 J131915.59-013529.9 51690  341 375 0.14331 16.58
 21 J145531.84+274135.0 54230 2146 253 0.10585 16.15
 22 J160152.85+104754.7 54572 2523 554 0.06855 15.42
 23 J163208.10+455217.9 52144  627 261 0.05806 15.53 J163207.92+455225.2 52057  626 559 0.05891 17.21 normal galaxy
 24 J165941.28+643702.7 51699  349 526 0.06083 17.88
 25 J231051.96-090011.9 52226  726 465 0.09429 16.12
 26 J020008.18+130625.7 51900  427 184 0.19241 16.97
 27 J074841.88+390341.8 51873  433 538 0.08565 15.40
 28 J080738.21+504526.1 53090 1780 179 0.12000 16.49
 29 J083104.35+142938.9 54139 2425 458 0.22549 17.41
 30 J091521.38+253341.1 53415 2087 182 0.14961 17.09
 31 J103216.37+430024.1 53033 1360 455 0.04479 14.46
 32 J114039.91+322547.3 53473 2008 444 0.08114 16.20
 33 J120603.59+203629.1 54476 2609 362 0.02450 13.33 J120603.76+203620.1 54474 2608 582 0.02574 13.97 normal galaxy
 34 J122005.55-025613.5 52313  333 155 0.09181 16.81
 35 J123034.10+061254.4 52381  845 370 0.13794 16.33
 36 J141332.38+140233.5 53442 1706 411 0.16557 18.69
 37 J143648.10+182037.6 54535 2775 179 0.04860 17.49
 38 J145944.01+134753.7 54243 2751 432 0.14373 17.67
 39 J212822.42+110459.5 52466  730 514 0.08946 16.41
 40 J224912.75+141200.3 52263  740 496 0.03866 16.10
 41 J001139.74-002827.8 52913 1089 205 0.05704 14.79 J001139.98-002826.1 52519  686  64 0.05792 14.80 asym-NEL galaxy
 41 J001139.74-002827.8 52913 1089 205 0.05704 14.79 J001139.49-002838.2 52994 1490  70 0.05709 17.39 normal galaxy
 42 J082153.59+092510.1 54055 2571 506 0.11964 17.34
 43 J094543.78+094901.3 52757 1305 485 0.15660 16.95
 44 J112211.28+235447.1 54115 2493  37 0.14891 17.53
 45 J121151.30+331429.2 53737 2004 443 0.22688 17.24 J121151.13+331431.1 53498 2089   4 0.22635 18.53 normal galaxy
 46 J131243.48+305924.1 53852 2104 294 0.18073 17.83
 47 J133208.66+262105.7 54208 2245 469 0.20088 17.34
 48 J140008.15+175707.1 54509 2757 263 0.18417 17.60
 49 J150832.03+073508.3 53851 1817 345 0.07468 16.00
 50 J161323.80+452221.8 52443  814 496 0.17683 17.65
 51 J170948.88+322737.6 52413  976 491 0.11776 17.63
 52 J082037.90+153145.7 53713 2272 424 0.15107 17.66
 53 J092741.13+390025.4 52731 1214 489 0.10364 16.20
 54 J094454.01+543821.0 52282  769 383 0.04420 14.51
 55 J100804.77+133559.5 53061 1745 338 0.03604 15.77 J100804.65+133604.2 54169 2586  61 0.03695 17.03 normal galaxy
 56 J113959.82+392236.1 53466 1972 128 0.17297 16.99
 57 J114204.27+072630.3 53383 1621 359 0.15535 17.27
 58 J115610.40+045935.0 52375  841 399 0.07889 18.93 J115610.77+045943.4 52374  840 557 0.07954 15.16 asym-NEL galaxy
 59 J120053.89+345813.6 53467 2103 206 0.05097 14.85
 60 J133111.03-014338.3 52377  910 542 0.08371 14.72 J133110.83-014349.0 52426  911 466 0.08365 14.92 normal galaxy
 61 J143715.52+465645.1 53464 1674 478 0.09357 17.82
 62 J153235.52+102260.0 53852 1722 496 0.12812 17.75
 63 J154352.58+111410.7 54241 2516 154 0.14583 17.19
 64 J154510.76+543956.2 52442  616 582 0.06864 17.89
 65 J155949.29+443433.2 52753 1169 136 0.23150 17.54
 66 J161245.57+052601.6 53886 1823 543 0.14945 16.90
 67 J220201.63+000747.2 51788  373 358 0.06332 14.89
 68 J081347.49+494109.9 51885  440 451 0.09380 17.28
 69 J234106.90+001833.4 51783  385 487 0.27669 16.58
 70 J075547.99+134258.0 53682 2264 152 0.07127 15.80
 71 J080346.09+143812.0 53679 2266  75 0.07554 16.28
 72 J082625.08+251045.6 52945 1586 193 0.08413 16.96
 73 J083927.56+174508.5 53711 2278 500 0.10588 16.38
 74 J084712.15+240446.2 53358 1931  63 0.18933 17.40
 75 J090237.07+385022.3 52705  936 535 0.07425 16.51
 76 J092609.38+670407.9 54474 1878 319 0.12124 16.84
 77 J095540.66+315942.8 53433 1949 263 0.13543 17.60
 78 J095957.05+231028.0 53737 2298 546 0.14726 17.49
 79 J100719.27+095220.9 53053 1308  96 0.05739 15.22
 80 J101635.84+552734.3 52407  946 141 0.11800 18.66
 81 J102750.98+230119.8 53741 2366 618 0.24674 17.59
 82 J104027.53-000113.8 51913  274 197 0.14032 17.63
 83 J111346.88+430634.3 53061 1364 199 0.06078 16.71
 84 J113026.02+315846.4 53430 1974 454 0.12707 16.93
 85 J113413.31+074637.9 53084 1619 438 0.07477 16.16
 86 J114106.58+554012.3 52759 1016 338 0.15134 17.87
 87 J115406.36+491227.3 52412  968 199 0.11713 16.97
 88 J115520.81+325819.0 53469 2099 246 0.12955 17.17
 89 J115610.77+045943.4 52374  840 557 0.07972 15.16 J115610.40+045935.0 52375  841 399 0.07896 18.93 pp-galaxy
 90 J115930.31+532055.8 52370  882 409 0.04503 15.38
 91 J120633.28+121950.5 53149 1612 291 0.14057 17.45
 92 J121346.11+024841.4 52024  517 631 0.07300 16.42 J121345.95+024839.0 52282  518 467 0.07295 19.32 normal galaxy
 93 J122454.58+181200.9 54231 2597 608 0.13369 17.16
 94 J133038.03+014934.8 52342  527 156 0.15477 17.06
 95 J134330.05+090614.6 53886 1804 177 0.13666 17.30
 96 J135326.10+081015.7 53875 1805 540 0.15015 16.76
 97 J141104.81-001906.6 51615  303 320 0.13867 17.52 J141105.01-001910.4 51688  302  66 0.13868 18.39 normal galaxy
 98 J141721.07+265126.8 53859 2127 518 0.03688 13.65
 99 J142722.83+200549.4 54534 2774 375 0.07552 16.06 J142723.13+200547.9 54533 2773 626 0.07582 16.29 normal galaxy
100 J143031.19+524225.8 52781 1327 355 0.04485 14.43
101 J145025.97-010631.1 52380  921 328 0.11966 16.94
102 J151839.16+281837.3 54173 1846 226 0.07577 15.55
103 J151919.81+061814.7 54562 1834 405 0.09821 16.54
104 J152430.72+592638.8 52345  613 116 0.12945 17.73
105 J152617.76+271100.7 54176 1847  41 0.12231 16.99
106 J152807.16+151803.7 54243 2767 601 0.13174 16.19 J152807.47+151809.2 54266 2781  44 0.13149 17.37 normal galaxy
107 J153840.87+070146.9 54208 1820 638 0.12709 15.74
108 J154925.70+063116.3 53167 1821 618 0.11937 17.19
109 J155452.73+411601.4 52516 1054 447 0.07050 16.59
110 J155940.09+102525.6 54572 2523 198 0.06928 16.23
111 J160446.38+215726.2 53874 2173 615 0.04015 15.70
112 J160746.14+305222.6 52876 1406 325 0.07014 15.70 J160746.42+305221.5 52826 1405 113 0.06949 16.23 normal galaxy
113 J160932.11+534557.9 52055  621 570 0.06453 15.76
114 J163419.70+295725.5 53463 1685  51 0.07855 15.45
115 J170341.46+245139.9 53446 1693  76 0.06281 16.18 J170341.27+245138.1 53260 1687 453 0.06312 19.21 normal galaxy
116 J171040.80+221732.4 53177 1689 497 0.12151 16.64
117 J171124.83+292114.1 52411  975  77 0.12267 18.08
118 J172028.50+303006.0 54592 2974 281 0.14057 17.18
119 J220225.68+120515.9 52224  734 117 0.12342 16.83
120 J233726.63-085726.6 52553  647 529 0.16539 17.42
121 J234929.84-001600.6 51788  386 225 0.22013 18.32 J234929.93-001558.5 52937 1538 227 0.21970 19.03 normal galaxy
122 J001139.98-002826.1 52519  686  64 0.05828 14.80 J001139.74-002827.8 52913 1089 205 0.05704 14.79 pp-galaxy
123 J005214.90+003458.9 51876  394 489 0.11530 16.21 J005214.82+003456.4 52591 1084 510 0.11559 19.18 normal galaxy
124 J012234.50-100836.9 52163  661 183 0.10691 16.84
125 J012359.05+144909.1 51893  424 546 0.15624 16.82
126 J021900.47-090234.4 52162  668 154 0.11097 16.19
127 J023902.69-003150.3 52199  706 185 0.13640 17.07 J023902.86-003151.4 51821  408 175 0.13600 18.52 normal galaxy
128 J031800.44-001755.3 53002 1565 197 0.24266 18.35
129 J080151.85+513349.8 53090 1780 342 0.06902 16.82 J080151.76+513352.6 53383 1870  81 0.06823 17.24 normal galaxy
130 J081810.81+041953.7 52641 1184 373 0.21062 18.75
131 J102227.25+285623.3 53772 2351 178 0.08933 15.63
132 J104536.42+465651.0 52620  962  73 0.14414 17.06
133 J113748.55+393911.5 53466 1972 152 0.19227 18.41
134 J114436.65+311114.1 53473 2008  65 0.16025 17.14
135 J115319.93+525553.2 52370  882 344 0.05199 15.51 J115320.40+525553.1 52368  881 485 0.05266 15.59 normal galaxy
136 J120423.85+275616.6 53819 2226 552 0.13715 17.07
137 J120540.44+513431.7 52370  882  49 0.09168 16.24
138 J122908.33+083356.3 53473 1627 417 0.08767 16.44
139 J123716.65-034319.8 52000  335 123 0.13644 16.25
140 J124849.54+053212.3 52426  847 507 0.07650 15.46
141 J131228.67+112315.7 53142 1697 262 0.11278 16.89
142 J134811.35+312927.8 53503 2024  90 0.16914 17.46
143 J141331.13+084307.3 53794 1810 414 0.07995 17.02
144 J142542.59-004754.2 51613  305 120 0.10379 17.54
145 J144045.30+461130.6 53464 1674  54 0.08557 16.14
146 J144240.83+282837.8 54206 2137 617 0.09214 16.94
147 J150750.76+035253.0 52055  589 634 0.24148 17.27
148 J150912.78+475009.1 52751 1049 608 0.16926 17.27
149 J154403.67+044610.1 54567 1836 586 0.04169 14.21 J154403.45+044607.5 54559 2950 278 0.04195 17.82 normal galaxy
150 J155421.21+281837.7 53142 1390   9 0.07783 16.13 J155420.93+281832.9 52817 1391 427 0.07894 15.47 normal galaxy
151 J155718.25+360437.4 53173 1682 309 0.17390 17.70
152 J160947.04+122240.1 54569 2527 242 0.06899 16.66 J160947.29+122242.3 54569 2525 565 0.06992 17.44 normal galaxy
153 J164325.82+421609.0 52083  628 115 0.07969 17.12
154 J165828.48+402148.4 52079  633 409 0.14543 17.13
155 J170425.90+391138.7 52079  633  80 0.06283 15.32
156 J171002.19+234536.0 53462 1688 545 0.14229 17.69
157 J210835.06-080054.7 52081  638 207 0.12221 16.55
158 J030226.16+000624.1 51873  411 200 0.08752 17.14
159 J031428.03-073251.1 51924  459 154 0.22749 17.71
160 J072938.78+453315.9 53314 1866 358 0.09260 16.09
161 J075046.88+311334.8 52583  890 256 0.19252 17.37
162 J081902.80+474624.6 51868  441 505 0.12549 17.40
163 J084121.85+611638.0 54452 1874 608 0.13306 17.62
164 J085425.78+171249.6 53711 2281  48 0.16368 17.44
165 J091926.62+200952.4 53699 2288  73 0.15169 18.24
166 J092503.81+041840.6 52707  991  41 0.12590 17.91
167 J093327.06+261631.2 54524 2294 453 0.07178 17.22
168 J093938.26+042621.6 52266  570 333 0.11801 15.81
169 J094256.78+380945.0 53035 1276 494 0.15205 17.34
170 J095234.90+001459.8 51633  268 355 0.08146 16.35 J095235.13+001456.6 51608  267 493 0.08185 18.71 normal galaxy
171 J100721.10+283714.6 53757 2345 607 0.14750 17.36
172 J101000.83+544020.0 52652  945 114 0.04619 14.60
173 J101004.68+002116.4 51909  270 464 0.09015 17.81
174 J102056.71+481144.8 52338  874 298 0.12027 17.60
175 J102835.82+385828.4 53002 1430 222 0.17575 17.40
176 J103724.03+344527.9 53446 2096  99 0.14581 16.82
177 J110023.43+624051.9 54498 2882  52 0.13457 16.93
178 J110434.07+165015.4 53852 2487 632 0.17425 17.24
179 J110821.55+223941.3 53857 2489 130 0.13888 16.12
180 J113007.64+284312.6 53794 2217 102 0.19015 17.32
181 J114208.18+552525.0 52734 1015 616 0.13499 16.05
182 J115949.06+605826.0 52405  954 327 0.21627 17.48
183 J120508.31+144311.1 53467 1764 193 0.07378 15.33
184 J121005.95+002640.4 51999  286 631 0.12801 16.85
185 J121148.70+662517.4 51957  493 123 0.23770 16.11
186 J124234.09-025214.8 51999  336 268 0.18283 17.56
187 J124527.23+033147.6 52024  522 401 0.13444 17.46 J124527.06+033149.8 52426  847 250 0.13442 17.36 normal galaxy
188 J134116.99+373442.7 53858 2101 409 0.08371 15.88
189 J134414.71+312428.8 53503 2024 246 0.14233 17.02
190 J140517.25+531910.6 53088 1324 216 0.08095 15.84
191 J140757.02+321249.2 53795 2125 338 0.08670 16.72
192 J141224.86+382756.0 53084 1380 275 0.11614 16.29
193 J144738.00+062606.5 54560 1830 345 0.17345 17.46
194 J145224.23+275146.9 54230 2146 281 0.12679 17.18
195 J151948.79+262147.7 53885 2160 345 0.12070 16.69
196 J153018.11+553650.2 54525 2883  91 0.14085 19.11
197 J153044.32-020952.8 52411  925 214 0.13195 17.29
198 J160041.03-000438.1 51692  343 633 0.15599 16.67
199 J160552.80+540650.6 52055  621 501 0.14558 17.48
200 J161350.32+452945.3 52443  814 493 0.18059 17.91
201 J161548.68+051748.5 53886 1823 624 0.11651 17.15
202 J162037.96+081829.8 54585 2529  66 0.15062 17.22
203 J203848.55-001334.9 52885 1117 234 0.07847 16.15 J203848.43-001333.9 52435  981 215 0.07825 19.72 normal galaxy
204 J221500.16-072553.9 52203  719 403 0.21653 17.17
205 J233717.65+155037.3 52234  747 444 0.05655 14.92
206 J235032.46-011008.0 51788  386 122 0.14048 17.81 J235032.25-011007.5 52937 1538 124 0.14017 18.63 normal galaxy
207 J001550.07-010419.9 53732 1541  48 0.15253 18.42
208 J002550.66+003003.1 51782  391 386 0.06395 15.66 J002550.53+002959.3 52262  689 354 0.06355 16.69 normal galaxy
209 J031909.18-072505.1 51924  460 278 0.15634 16.98
210 J081455.54+385348.5 52254  759  89 0.20675 17.23 J081455.84+385349.0 52589  893 329 0.20815 17.91 normal galaxy
211 J082751.90+544648.1 53299 1782 594 0.13661 16.74
212 J082911.75+293222.6 52672 1207 633 0.09273 17.27 J082911.65+293220.0 52933 1268 342 0.09142 16.46 normal galaxy
213 J084053.01+383851.1 52317  828 158 0.12076 16.70
214 J085259.06+322250.7 52974 1271 381 0.07420 15.58
215 J085543.50+151236.8 53818 2431 151 0.10565 16.68
216 J090555.58+131625.7 53826 2434 125 0.17644 17.83
217 J093128.88+174913.6 53728 2360  18 0.15068 16.91
218 J094752.61+021215.1 51989  480 506 0.10014 16.53 J094752.76+021211.0 51908  481 352 0.10054 17.48 normal galaxy
219 J094911.76+090920.1 52757 1305  78 0.08273 15.86
220 J101016.76+403041.0 53033 1356 604 0.15141 16.85
221 J101940.51+220740.8 53741 2366 343 0.20807 17.66
222 J102536.44+371317.2 53432 1973 358 0.06087 16.39
223 J102610.15+415753.9 53002 1359 539 0.17325 17.15
224 J103634.63+541752.7 52368  906 284 0.13408 16.78
225 J104302.55+471237.9 52620  962 553 0.16031 16.49
226 J110536.40+625317.6 54498 2882  30 0.13349 16.46
227 J112121.34+182243.1 54175 2495  92 0.14065 15.86
228 J120207.31+041203.3 52375  841  59 0.13628 17.20 J120207.00+041205.0 52376  842 311 0.13564 17.36 normal galaxy
229 J120354.62+435458.2 53089 1369 105 0.10751 16.23
230 J123523.46+045532.7 52381  845 117 0.14112 17.37
231 J124441.76+571614.7 52765 1317 172 0.10047 17.99
232 J125136.44+201012.3 54483 2615 374 0.13768 17.77
233 J131836.81+482501.6 52759 1282 223 0.11882 17.47 J131836.49+482504.5 52753 1281  16 0.11899 16.54 normal galaxy
234 J143204.04+531406.8 52781 1327 334 0.10591 16.59
235 J143652.08+155714.2 54234 2748 367 0.10277 16.55
236 J143750.17-020905.9 52409  919 153 0.08805 16.28
237 J145311.16+295209.9 53764 2141 603 0.12117 16.31
238 J150320.62+073627.8 53884 1815 110 0.08025 15.96
239 J151621.63+472835.4 52822 1330  54 0.19815 17.64
240 J151754.61+375747.9 53172 1399  65 0.20141 17.55
241 J151926.36+232347.9 54209 2158 469 0.08762 17.42
242 J152449.23+244308.8 53885 2160  53 0.08043 16.60
243 J153135.97+355033.8 53144 1401 178 0.16845 17.88
244 J153239.26+034425.1 52026  593 516 0.16916 17.24
245 J154727.91+405912.7 52468 1053 140 0.14697 17.50
246 J155323.52+221908.4 53557 2171 428 0.06778 14.79
247 J160206.98+102218.6 54572 2523 110 0.10308 17.21
248 J162909.42+252143.0 53226 1573 532 0.19018 17.50
249 J170340.79+242255.1 53446 1693  11 0.17075 17.55 J170340.50+242253.3 53462 1688 378 0.17013 17.40 normal galaxy
250 J170453.35+354350.9 54590 2971 288 0.16091 17.50 J170453.35+354345.2 52427  974 523 0.16198 17.10 normal galaxy
251 J203852.54-054326.0 52164  634 466 0.13386 17.42
252 J212021.75-010325.9 52523  987 226 0.16751 17.02
253 J214200.39-083230.5 52825 1178 283 0.10217 16.47
254 J221244.22-001303.5 52912 1104 224 0.18228 17.69
255 J234100.02+000448.6 52524  683 355 0.18663 16.84 J234059.78+000453.9 51783  385 496 0.18481 16.07 normal galaxy
255 J234100.02+000448.6 52524  683 355 0.18663 16.84 J234059.78+000453.9 51877  385 485 0.18481 16.07 normal galaxy
255 J234100.02+000448.6 52524  683 355 0.18663 16.84 J234059.50+000452.3 52525  682 556 0.18497 19.01 normal galaxy
