00 44 34.08 +00 19 03.5  1.878 P  1a  88.64
00 44 39.33 +00 18 22.8  1.866 P  1b  88.64
00 55 57.46 -32 55 39.0  2.250 P  2a 122.53
00 56 05.33 -32 56 51.1  2.125 P  2b 122.53
02 09 54.8  -10 02 23.0  1.970 P  3a  12.04
02 10 00.1  -10 03 54.0  1.976 P  3b  12.04
02 56 42.6  -33 15 21.0  1.915 P  4a  55.78
02 56 47.02 -33 15 27.0  1.863 P  4b  55.78
03 10 06.08 -19 21 24.9  2.144 P  5a  60.27
03 10 09.05 -19 22 08.1  2.122 P  5b  60.27
03 10 36.47 -30 51 08.4  2.554 P  6a  72.04
03 10 41.06 -30 50 27.5  2.544 P  6b  72.04
09 14 04.1  +46 10 44.9  2.180 P  7a  64.59
09 14 10.3  +46 10 50.01 2.370 P  7b  64.59
09 56 58.73 +69 38 52.5  2.048 P  8a 130.92
09 57 21.22 +69 37 54.5  2.054 P  8b 108.83
09 57 25.94 +69 36 08.5  2.048 P  8c 217.08
11 45 47.55 -00 31 06.7  2.043 P  9a 149.34
11 45 53.67 -00 33 04.5  2.055 P  9b 149.34
12 12 51.14 -00 53 42.2  2.473 P 10a  74.01
12 12 56.06 -00 53 36.5  2.459 P 10b  74.01
13 06 34.19 +29 24 43.1  1.960 P 11a  27.82
13 06 35.41 +29 25 05.9  1.926 P 11b  27.82
13 21 47.86 +01 06 04.8  2.130 P 12a 107.86
13 21 54.33 +01 06 51.9  1.971 P 12b 107.86
13 39 39.0  +00 10 22.0  2.122 P 13a 101.69
13 39 45.4  +00 09 45.0  1.869 P 13b 101.69
13 46 21.4  -00 38 05.0  1.894 P 14a 119.62
13 46 25.6  -00 39 47.0  1.848 P 14b 119.62
14 12 24.51 -01 56 34.0  1.916 P 15a 112.60
14 12 29.73 -01 55 13.1  2.030 P 15b 112.60
14 20 45.98 -00 05 18.0  2.193 P 16a 299.36
14 20 55.61 -00 09 40.0  2.193 P 16b 299.36
16 12 37.9  +23 57 09.0  2.014 P 17a 117.22
16 12 45.6  +23 58 00.0  2.005 P 17b 117.22
16 45 01.09 +46 26 16.0  3.790 P 18a 195.32
16 45 19.62 +46 25 38.3  3.831 P 18b 195.32
17 27 56.45 +58 21 55.7  2.368 P 19a 111.58
17 28 06.77 +58 20 39.19 2.011 P 19b 111.58
17 30 14.71 +54 56 57.5  2.127 P 20a 244.99
17 30 42.38 +54 56 01.1  2.112 P 20b 244.99
17 36 26.73 +55 27 20.7  1.822 P 21a 101.46
17 36 35.51 +55 28 29.4  1.988 P 21b 101.46
22 39 41.75 -29 49 55.2  2.101 P 22a 154.98
22 39 48.64 -29 47 48.7  2.068 P 22b  63.52
22 39 51.82 -29 48 37.0  2.121 P 22c 152.44
23 09 11.88 -27 32 27.1  1.930 P 23a  49.52
23 09 15.34 -27 32 45.3  1.927 P 23b  49.52
23 26 03.52 -29 37 40.4  2.310 P 24a 141.22
23 26 14.26 -29 37 22.3  2.387 P 24b 141.22
09 09 23.13 +00 02 03.9  1.889 P 25a  14.99
09 09 24.01 +00 02 11.0  1.866 P 25b  14.99
11 07 25.70 +00 33 53.6  1.883 P 26a  24.82
11 07 27.08 +00 34 07.3  1.882 P 26b  24.82
14 35 06.42 +00 09 01.5  2.378 P 27a  33.24
14 35 08.32 +00 08 44.4  2.378 P 27b  33.24
15 48 40.77 +53 37 08.59 2.165 P 28a 126.11
15 48 50.17 +53 38 43.0  2.188 P 28b 126.11
23 01 12.42 -31 43 45.0  1.977 P 29a  67.84
23 01 17.62 -31 43 59.2  2.132 P 29b  67.84
00 45 26.49 -32 00 16.91 1.885 P 30a  79.62
00 45 27.54 -32 01 35.4  1.988 P 30b  79.62
01 24 56.45 -28 51 21.0  1.992 P 31a 100.69
01 24 53.09 -28 52 51.5  2.094 P 31b 100.69
01 35 14.53 -00 53 18.9  2.111 P 32a 258.23
01 35 21.00 -00 57 18.2  2.075 P 32b 258.23
02 48 25.59 -28 03 55.4  2.139 P 34a 193.83
02 48 40.13 -28 03 32.4  2.209 P 34b 193.83
21 36 19.40 +00 41 31.0  2.030 P 35a 288.90
21 36 38.60 +00 41 54.0  1.941 P 35b 288.90
23 53 10.02 -27 26 14.09 1.968 P 36a  40.35
23 53 13.03 -27 26 09.4  2.303 P 36b  40.35
00 08 52.71 -29 00 44.1  2.645 P 37a  78.53
00 08 57.73 -29 01 26.9  2.610 P 37b  78.53
02 18 21.44 -29 53 40.9  2.070 P 38a  21.97
02 18 22.96 -29 53 31.3  1.917 P 38b  21.97
03 06 40.91 -30 10 31.9  2.093 P 39a  51.21
03 06 43.75 -30 11 07.49 2.129 P 39b  51.21
03 13 24.40 -31 41 44.9  1.954 P 40a  17.00
03 13 25.51 -31 41 54.3  2.065 P 40b  17.00
03 33 20.90 -06 12 16.8  2.050 P 41a 145.71
03 33 24.83 -06 10 03.4  2.139 P 41b 145.71
21 48 34.95 -29 41 09.9  1.807 P 42a  26.74
21 48 36.61 -29 40 54.19 2.089 P 42b  26.74
22 32 20.27 -28 38 58.7  2.204 P 43a  50.81
22 32 23.45 -28 38 29.9  2.065 P 43b  50.81
23 59 44.12 -00 57 38.16 1.778 P 44a  46.15
23 59 45.48 -00 58 19.56 1.814 P 44b  46.15
00 59 34.10 -08 43 13.1  2.074 P 45a 269.92
00 59 51.67 -08 44 23.8  2.142 P 45b 269.92
01 06 57.94 -08 55 00.1  2.354 P 46a 181.93
01 06 58.41 -08 58 01.9  1.827 P 46b 181.93
03 40 23.50 +00 31 11.8  1.910 P 47a 217.35
03 40 27.31 +00 34 41.5  1.874 P 47b 217.35
08 54 06.10 +42 38 10.0  2.387 P 49a 283.22
08 54 15.40 +42 42 34.0  2.174 P 49b 449.63
08 54 25.00 +42 35 17.0  1.850 P 49c 271.04
10 05 38.50 +57 07 44.0  1.866 P 50a 122.15
10 05 41.30 +57 05 44.0  2.306 P 50b 122.15
10 40 32.20 -27 27 48.6  2.331 P 51a 291.12
10 40 33.50 -27 22 58.0  1.937 P 51b 133.92
10 40 40.32 -27 24 36.4  2.460 P 51c 220.51
10 41 21.90 +56 30 01.0  2.052 P 52a  65.09
10 41 29.30 +56 30 23.0  2.267 P 52b  65.09
10 43 30.46 -02 30 12.7  2.246 P 53a 258.44
10 43 42.53 -02 33 17.3  1.993 P 53b 258.44
11 06 10.70 +64 00 09.0  2.201 P 54a 170.00
11 06 26.60 +63 57 55.0  1.960 P 54b 170.00
11 11 12.30 +01 22 01.6  2.417 P 55a  91.33
11 11 14.11 +01 20 34.4  2.150 P 55b 280.80
11 11 31.30 +01 22 25.0  2.010 P 55c 285.96
11 19 22.40 +60 48 51.0  2.014 P 56a 142.19
11 19 28.90 +60 46 37.0  2.293 P 56b 164.79
11 19 31.10 +60 49 21.0  2.645 P 56c  70.35
12 24 27.80 -11 20 50.0  2.495 P 57a 253.03
12 24 41.40 -11 23 25.0  2.171 P 57b 253.03
13 31 25.93 +00 44 14.0  2.020 P 58a 219.75
13 31 38.50 +00 42 21.1  2.429 P 58b 252.96
13 31 50.51 +00 45 10.7  1.893 P 58c 247.41
14 16 47.60 +63 02 51.0  2.034 P 60a 284.83
14 16 50.80 +63 07 35.0  1.961 P 60b 284.83
14 26 05.80 +50 04 26.0  2.242 P 61a 235.17
14 26 28.00 +50 02 48.0  2.324 P 61b 235.17
14 53 29.53 +00 23 57.3  2.538 P 62a 259.89
14 53 37.99 +00 20 10.5  1.859 P 62b 259.89
14 58 38.04 +00 24 18.0  1.888 P 63a 387.74
14 59 01.28 +00 21 23.7  1.988 P 63b 180.73
14 59 07.19 +00 21 01.2  3.012 P 63c  91.46
15 22 43.99 +03 27 19.8  1.998 P 64a 249.33
15 22 46.66 +03 31 25.9  2.287 P 64b 249.33
16 06 28.39 +17 31 26.0  2.040 P 65a 265.05
16 06 37.60 +17 35 16.0  2.323 P 65b 265.05
16 32 52.30 +37 47 47.99 1.888 P 66a 156.19
16 32 57.60 +37 50 11.0  2.152 P 66b 156.19
22 40 26.20 +00 39 38.0  2.200 P 67a 213.50
22 40 40.10 +00 40 24.0  2.200 P 67b 213.50
23 31 32.84 +01 06 20.9  2.641 P 68a 153.99
23 31 39.75 +01 04 27.0  2.245 P 68b 153.99
23 46 46.02 +12 45 30.18 2.763 P 69a 334.44
23 46 28.21 +12 48 59.89 2.525 P 69b 334.44
20 45 33.15 -06 21 54.3  2.014 P 70a 182.84
20 45 22.28 -06 23 19.0  2.157 P 70b 182.84
13 48 08.70 +28 40 07.0  2.464 P 71a  59.09
13 48 04.40 +28 40 24.0  2.464 P 71b  59.09
09 00 06.90 +03 33 07.   1.872 P 72a 212.87
08 59 52.70 +03 33 18.   2.163 P 72b 212.87
08 04 00.30 +30 20 46.   3.446 P 73a 269.22
08 03 42.00 +30 22 54.   2.031 P 73b 269.22
15 45 44.20 +51 13 07.   2.242 P 74a  98.27
15 45 34.60 +51 12 28.   2.453 P 74b  98.27
17 17 30.70 +26 22 27.   2.203 P 75a 211.93
17 17 15.20 +26 21 48.   1.934 P 75b 211.93
17 29 43.36 +60 21 54.20 1.928 P 76a 370.01
17 30 30.20 +60 19 47.40 2.215 P 76b 370.01
17 18 45.00 +30 26 47.   2.028 P 77a 160.61
17 18 37.20 +30 28 52.   2.028 P 77b 160.61
17 28 40.02 +56 39 57.74 1.984 P 78a 148.43
17 28 52.65 +56 41 43.58 1.769 P 78b 148.43
14 57 56.27 +57 44 46.90 2.130 P 79a  73.63
14 57 47.55 +57 44 23.50 2.016 P 79b  73.63
15 34 12.70 +50 34 05.   2.118 P 80a 280.61
15 33 48.30 +50 31 28.   2.215 P 80b 280.61
15 08 38.11 +60 35 40.10 2.179 P 81a 120.46
15 08 27.67 +60 34 07.40 1.893 P 81b 120.46
16 50 51.10 +34 43 10.   2.002 P 82a 169.84
16 50 43.30 +34 45 30.   1.984 P 82b 169.84
07 55 45.60 +40 56 43.61 2.348 P 83a 138.18
07 55 35.61 +40 58 02.90 2.418 P 83b 138.18
11 09 52.30 +55 42 24.   3.177 P 84a 221.68
11 09 27.20 +55 41 20.   3.472 P 84b 221.68
11 26 34.30 -01 24 36.   3.741 P 85a 278.71
11 26 17.40 -01 26 32.   3.607 P 85b 278.71
12 19 33.26 +00 32 26.40 2.871 P 86a 260.71
12 19 22.19 +00 29 05.40 2.627 P 86b 260.71
13 54 42.90 +59 28 56.   2.554 P 87a 161.67
13 54 38.40 +59 31 34.   2.992 P 87b 161.67
14 19 19.50 +57 45 13.   3.339 P 88a 248.30
14 19 00.60 +57 48 30.   2.937 P 88b 248.30
14 29 51.87 +63 16 31.90 2.403 P 89a 188.86
14 29 33.01 +63 14 12.40 2.749 P 89b 188.86
14 35 00.27 +03 54 03.50 2.491 P 90a 224.84
14 34 55.38 +03 50 30.90 2.853 P 90b 224.84
14 41 34.30 +61 39 19.   2.435 P 91a 296.10
14 40 52.90 +61 38 52.   2.898 P 91b 296.10
15 59 22.70 +52 00 27.   3.101 P 92a 145.47
15 59 17.40 +52 02 44.   3.042 P 92b 145.47
21 36 29.40 +10 29 52.   2.555 P 93a 237.83
21 36 15.40 +10 27 54.   2.966 P 93b 237.83
08 25 50.20 +35 48 03.   3.203 P 94a 259.91
08 25 40.10 +35 44 14.   3.846 P 94b 259.91
08 31 15.90 +38 14 24.   3.073 P 95a 216.00
08 30 53.00 +38 12 43.   3.171 P 95b 288.08
08 30 52.90 +38 09 07.   3.149 P 95c 417.03
10 19 37.00 +55 23 55.   3.231 P 96a 125.37
10 19 22.90 +55 24 31.   3.720 P 96b 125.37
11 08 19.15 -00 58 24.00 4.564 P 97a 113.03
11 08 13.86 -00 59 44.50 4.033 P 97b 113.03
13 02 16.91 -03 38 03.70 3.714 P 98a 141.24
13 02 08.17 -03 37 10.50 3.718 P 98b 141.24
13 48 08.79 +00 37 23.20 3.626 P 99a 236.72
13 47 55.68 +00 39 35.00 3.814 P 99b 236.72
17 19 37.90 +29 18 05.   3.079 P100a 106.46
17 19 32.90 +29 19 29.   3.294 P100b 106.46
20 53 03.70 -01 04 42.   3.115 P101a 137.52
20 53 02.90 -01 02 25.   3.251 P101b 137.52
08 59 59.14 +02 05 19.70 2.980 P102a 275.29
08 59 56.83 +02 09 52.80 2.233 P102b 275.29
13 37 57.87 +02 18 20.90 3.332 P103a 172.33
13 37 56.34 +02 15 30.10 2.314 P103b 172.33
10 42 53.43 -00 13 00.90 2.958 P104a 289.81
10 42 43.12 -00 17 06.00 1.969 P104b 289.81
09 45 08.00 +50 40 57.   3.736 P105a 182.57
09 44 53.80 +50 43 00.   3.789 P105b 182.57
11 04 11.60 +02 46 55.   2.533 P106a 131.25
11 04 03.00 +02 47 20.   2.374 P106b 131.25
13 12 13.84 +00 00 03.00 2.680 P107a 148.43
13 12 13.29 +00 02 31.20 2.842 P107b 148.43
15 54 07.74 +01 00 10.10 2.606 P108a 239.10
15 53 59.96 +00 56 41.40 2.630 P108b 239.10
01 06 16.06 +00 15 24.00 3.043 P109a 243.02
01 06 12.22 +00 19 20.10 3.110 P109b 243.02
08 40 55.70 +37 04 37.   3.152 P111a 178.10
08 40 42.20 +37 05 52.   2.905 P111b 178.10
13 24 11.60 +03 20 50.   3.670 P112a 154.19
13 24 01.50 +03 20 20.   3.371 P112b 154.19
14 30 06.40 -01 20 20.   3.249 P113a 199.75
14 29 57.10 -01 17 57.   3.111 P113b 199.75
15 00 58.70 +61 45 06.   2.587 P114a 287.78
15 00 23.50 +61 47 29.   2.994 P114b 287.78
15 37 29.50 +58 32 24.   3.059 P115a 202.31
15 37 15.70 +58 29 33.   2.590 P115b 202.31
01 02 51.85 -27 53 03.30 1.768 P116a  81.11
01 02 57.35 -27 53 38.82 1.800 P116b  81.11
15 19 13.29 +23 46 58.72 1.834 P117a 101.25
15 19 19.40 +23 46 02.00 1.903 P117b 101.25
16 25 48.00 +26 44 32.50 2.490 P118a 146.44
16 25 48.75 +26 46 58.60 2.526 P118b 180.33
16 25 57.66 +26 44 43.40 2.605 P118c 129.86
21 42 25.90 -44 20 17.00 3.230 P119a  61.52
21 42 22.20 -44 19 30.00 3.220 P119b  61.52
21 43 07.01 -44 50 47.60 3.250 P120a  33.15
21 43 04.09 -44 50 36.00 3.060 P120b  33.15
09 45 05.93 -00 46 45.00 2.299 P121a 261.94
09 44 54.24 -00 43 30.40 2.292 P121b 261.94
09 27 43.02 +29 07 34.7  2.253 P122a  57.60
09 27 47.27 +29 07 20.7  2.292 P122b  57.60
11 51 38.05 +02 06 10.30 2.258 P123a 260.18
11 51 22.14 +02 04 26.30 2.401 P123b 260.18
14 11 08.   +62 24 52.   2.264 P124a 200.66
14 11 30.7  +62 22 48.   2.305 P124b 200.66
09 46 42.43 +33 07 54.8  2.477 P125a 194.21
09 46 56.17 +33 06 25.8  2.484 P125b 194.21
08 33 21.61 +08 12 38.3  2.518 P126a 208.57
08 33 26.82 +08 15 52.0  2.572 P126b 208.57
10 00 52.21 +45 00 11.0  2.567 P127a 199.33
10 00 54.38 +45 03 29.0  2.649 P127b 199.33
09 35 31.84 +36 33 17.6  2.858 P128a 231.84
09 35 48.51 +36 31 21.9  2.977 P128b 231.84
14 22 49.19 +42 02 46.2  3.071 P129a 106.87
14 22 39.88 +42 02 20.4  3.236 P129b 106.87
12 09 17.94 +11 38 30.4  3.105 P130a 196.41
12 09 10.71 +11 35 45.2  3.122 P130b 196.41
08 52 32.18 +26 35 26.2  3.208 P131a 170.86
08 52 37.94 +26 37 58.6  3.29  P131b 170.86
08 03 05.84 +50 32 15.3  3.244 P132a 190.91
08 03 21.24 +50 34 17.4  3.245 P132b 190.91
12 38 15.04 +44 30 26.2  3.254 P133a 232.24
12 38 31.46 +44 32 58.2  3.268 P133b 232.24
08 36 59.84 +35 10 19.4  3.319 P134a 269.47
08 37 00.83 +35 05 50.2  3.311 P134b 269.47
14 21 49.99 +46 59 38.6  3.678 P135a 201.85
14 22 09.71 +46 59 32.5  3.798 P135b 201.85
10 54 16.47 +51 27 24.6  2.367 P136a 238.50
10 54 16.51 +51 23 26.1  2.341 P136b 238.50
12 13 03.26 +12 08 39.2  3.384 P137a 137.99
12 13 10.72 +12 07 15.1  3.469 P137b 137.99
10 39 41.49 +55 09 27.8  3.709 P138a 258.46
10 39 49.28 +55 13 37.5  3.851 P138b 258.46
08 07 44.89 +23 48 25.7  3.745 P140a 225.90
08 07 35.01 +23 51 26.4  3.76  P140b 225.90
22 47 21.06 -09 15 45.7  4.13  P141a 284.94
22 47 40.17 -09 15 11.8  4.167 P141b 284.94
23 38 15.45 -10 19 17.2  2.279 P142a 281.75
23 37 56.58 -10 20 00.1  2.436 P142b 281.75
14 34 08.31 +23 22 30.0  3.97  P143a 166.07
14 33 56.26 +23 22 22.8  4.16  P143b 166.07
10 16 05.84 +40 40 05.8  2.99  P144a  68.24
10 16 01.50 +40 40 52.9  2.963 P144b  68.24
13 56 07.50 +58 12 36.1  3.32  P145a  89.15
13 55 57.54 +58 13 18.0  3.371 P145b  89.15
11 52 10.43 +45 18 25.8  2.282 P146a 113.40
11 52 00.54 +45 17 41.4  2.379 P146b 113.40
15 09 25.64 +50 56 09.3  2.365 P147a 119.68
15 09 32.23 +50 57 51.5  2.343 P147b 119.68
16 43 30.13 +30 55 41.8  2.703 P148a 244.49
16 43 41.28 +30 58 59.8  2.559 P148b 244.49
09 16 11.02 +33 11 30.5  3.112 P149a 152.45
09 16 03.40 +33 09 31.8  3.153 P149b 152.45
11 06 11.11 +13 56 00.0  3.908 P150a 101.72
11 06 16.68 +13 54 58.6  3.846 P150b 101.72
08 15 14.28 +06 05 42.5  2.495 P151a  64.08
08 15 18.32 +06 06 04.3  2.529 P151b  64.08
16 23 23.68 +33 12 32.6  2.411 P152a 103.69
16 23 24.76 +33 10 49.8  2.585 P152b 103.69
11 43 16.98 +13 24 00.8  2.514 P153a 138.30
11 43 23.44 +13 25 42.0  2.515 P153b 138.30
10 40 04.02 +32 21 50.6  2.609 P154a 191.02
10 40 19.09 +32 21 56.4  2.649 P154b 191.02
11 16 10.68 +41 18 14.5  2.98  P155a  13.75
11 16 11.73 +41 18 21.5  2.971 P155b  13.75
