SDSS J0004-0844A   00 04 50.674 -08 44 49.48 21.89 20.75  20.56 20.57 20.67   1.2  0.9 2.998 1450  650  4.4  35
SDSS J0004-0844B   00 04 50.920 -08 44 51.97 22.80 21.02  20.87 20.84 20.66   4.6  0.3 2.989 1450
SDSS J0829+2927A   08 29 07.722 +29 27 54.71 23.64 20.93  20.28 19.68 19.30  63.3 22.5 3.054 1450  270 40.3 322
SDSS J0829+2927B   08 29 09.018 +29 27 18.10 22.04 20.07  19.95 19.83 19.88  36.8  1.2 3.050  710
SDSS J0956+2643A   09 56 27.149 +26 43 24.47 21.61 19.43  19.22 19.28 19.30 143.2  2.6 3.087  520  150 16.5 131
SDSS J0956+2643B   09 56 25.934 +26 43 21.62 22.71 20.78  20.46 20.46 20.32  14.1  0.6 3.085  520
SDSS J0959+1032A   09 59 03.843 +10 32 45.26 23.16 20.92  19.23 19.12 19.19 215.2  3.5 4.024 1450  250 44.1 320
SDSS J0959+1033B   09 59 05.139 +10 33 25.02 25.86 21.47  20.00 19.56 19.50  24.5  1.7 4.020 1500
SDSS J1016+4040A   10 16 01.509 +40 40 52.89 21.26 19.42  19.22 19.10 18.84 109.8  8.1 2.996  520 1030 68.2 548
SDSS J1016+4040B   10 16 05.842 +40 40 05.80 22.12 20.36  20.06 20.10 19.92  49.7  1.8 2.983 1450
SDSS J1021+1112A   10 21 16.982 +11 12 27.55 25.23 21.99  20.50 20.35 20.18  26.7  0.3 3.805  520 1470  7.6  56
SDSS J1021+1112B   10 21 16.468 +11 12 27.83 25.46 22.36  20.62 20.73 20.26  58.2  5.4 3.829  630
SDSS J1053+5001A   10 53 20.150 +50 01 46.02 23.77 21.05  20.72 20.72 20.64  18.2  0.4 3.078  630  490  2.1  17
SDSS J1053+5001B   10 53 20.041 +50 01 47.84 23.35 21.10  20.84 20.88 21.02  19.4  1.5 3.085  520
SDSS J1054+0215A   10 54 34.174 +02 15 51.95 23.03 20.22  18.69 18.61 18.75 244.9  6.2 3.984  630 1120 88.3 644
SDSS J1054+0216B   10 54 28.515 +02 16 16.37 23.21 20.58  19.41 19.10 18.97  12.9  5.3 3.966  790
SDSS J1116+4118A   11 16 11.740 +41 18 21.51 20.30 18.49  18.13 17.93 17.95  87.0  6.0 2.982  520 1840 13.8 111
SDSS J1116+4118B   11 16 10.689 +41 18 14.44 21.29 19.41  19.14 19.01 19.02  87.9  1.7 3.006  520
SDSS J1118+0202A   11 18 22.764 +02 02 36.35 24.82 21.13  19.81 19.77 19.86  75.0  0.8 3.939  790    0 83.8 613
SDSS J1118+0201B   11 18 17.920 +02 01 54.48 26.78 21.83  20.62 20.56 20.22  27.3  8.3 3.939 2000
SDSS J1150+4659A   11 50 55.751 +46 59 41.96 22.43 20.52  20.34 20.56 20.16  66.7 12.2 3.005  710  140 34.9 280
SDSS J1150+4659B   11 50 52.353 +46 59 39.44 23.24 21.17  20.79 20.91 20.91  26.7  3.4 3.003  790
SDSS J1159+3426A   11 59 06.632 +34 26 48.24 23.16 20.34  20.00 19.93 19.87  39.0  0.0 3.135  790 1340 51.2 405
SDSS J1159+3427B   11 59 02.974 +34 27 12.31 24.35 21.21  20.97 21.15 21.07  21.9  5.7 3.154  790
SDSS J1248+1957A   12 48 46.012 +19 57 16.86 22.55 20.41  19.48 19.44 19.61  81.7 12.1 3.872  520  480 64.8 477
SDSS J1248+1956B   12 48 42.237 +19 56 39.90 24.39 21.75  20.16 20.01 20.10  91.8  1.2 3.864  520
SDSS J1251+2715A   12 51 23.788 +27 15 24.61 23.14 21.29  20.29 20.21 20.02  19.7  5.0 3.660 1500   90 13.9 105
SDSS J1251+2715B   12 51 22.746 +27 15 23.60 23.22 21.82  20.78 20.68 20.57  14.6  3.5 3.661 1450
SDSS J1307+0422A   13 07 56.734 +04 22 15.57 20.22 18.18  17.97 17.59 17.43 140.4 24.0 3.021  710  490  8.2  66
SDSS J1307+0422B   13 07 56.184 +04 22 15.50 21.41 19.68  19.25 19.02 19.12  18.3  9.1 3.028  710
SDSS J1312+4616A   13 12 40.873 +46 16 47.86 25.60 21.78  20.18 19.86 19.46  49.7  8.4 3.971 1450  530 85.7 625
SDSS J1312+4615B   13 12 45.032 +46 15 33.85 25.03 22.17  20.43 20.25 20.31  99.8  1.7 3.963 2000
PSS  J1315+2924A a 13 15 39.566 +29 24 40.76 23.00 21.53  19.71 19.33 19.35 113.4  3.4 4.18  2000       6.1  44
PSS  J1315+2924B a 13 15 39.122 +29 24 38.96             ~24.                          4.18  2000
SDSS J1353+4852A   13 53 28.570 +48 52 34.06 24.65 21.71  20.40 20.40 20.18  62.7  1.9 3.863  520 1130 37.1 273
SDSS J1353+4853B   13 53 29.953 +48 53 08.53 25.23 21.93  20.88 20.86 20.81  23.7  1.4 3.845  520
SDSS J1404+4005A   14 04 23.046 +40 05 11.03 24.07 20.90  19.57 19.29 19.22  68.5  1.6 3.999 1450  140 47.3 344
SDSS J1404+4005B   14 04 19.647 +40 05 37.79 24.98 22.47  20.97 20.50 20.47  18.8  1.1 3.997  630
SDSS J1414+3955A   14 14 04.169 +39 55 43.54 20.73 18.72  18.57 18.64 18.58 264.8  3.1 3.218  520 1950 30.7 242
SDSS J1414+3955B   14 14 06.766 +39 55 36.27 24.39 21.31  20.90 20.86 20.93  24.1  1.3 3.191  520
SDSS J1420+2831A   14 20 23.773 +28 31 06.57 25.43 22.18  20.30 19.93 19.63  60.8  3.3 4.305  710 1470 10.9  77
SDSS J1420+2830B   14 20 23.799 +28 30 55.72 23.13 23.13  20.73 20.22 20.08  65.2  5.1 4.279  790
SDSS J1439-0033A   14 39 52.579 -00 33 59.08 25.14 23.11  20.79 20.44 20.22  53.6  3.2 4.255    0  170 33.4 237
SDSS J1439-0034B   14 39 51.600 -00 34 29.12 23.11 23.36  21.76 21.32 20.99   4.8  3.6 4.258    0
SDSS J1541+2702A   15 41 10.367 +27 02 24.86 24.66 21.39  20.48 20.41 20.58  35.9  2.7 3.623  630  810  6.4  48
SDSS J1541+2702B   15 41 10.403 +27 02 31.22 23.47 21.51  20.42 20.42 20.44  52.6  4.6 3.636  520
SDSS J1546+5134A   15 46 14.229 +51 34 05.00 20.68 19.39  19.09 18.93 18.81  11.5  5.4 2.961 1450 1240 42.2 340
SDSS J1546+5134B   15 46 10.538 +51 34 29.44 22.17 20.49  20.31 20.25 20.63  31.4  4.8 2.944  650
SDSS J1622+0702A   16 22 10.109 +07 02 15.34 21.76 17.43  17.03 16.85 16.82 849.0  1.7 3.264  790  160  5.8  45
SDSS J1622+0702B   16 22 09.815 +07 02 11.53 25.60 20.68  20.16 20.03 20.02  31.7  1.7 3.262  630
SDSS J1626+0904A   16 26 42.067 +09 04 37.35 25.42 21.46  20.50 20.49 20.37  23.7  2.4 3.632 1450  450 52.7 398
SDSS J1626+0904B   16 26 38.623 +09 04 24.20 25.03 21.67  20.74 20.68 20.95  18.6  2.8 3.639 1450
SDSS J1630+1152A   16 30 55.956 +11 52 29.43 21.80 19.33  18.93 18.71 18.66  71.2  4.4 3.277 1450  970 23.8 186
SDSS J1630+1152B   16 30 56.727 +11 52 50.34 26.36 20.63  20.31 20.35 20.12  81.7  8.0 3.291  790
