J0006+1548  44.4  4/11 -231.5  27.1   7.2  232.7  37.6  18.8   173.0  59.5  26.2  44.4 172.6  3.9  0.08 Ambiguous
J0006+1548 134.4  4/11 -241.9  25.1   9.5  168.4 277.5   0.0   172.7  77.2  29.1                   0.11
J0107-0053  52.0 22/43  305.6  23.1  11.1  271.2  39.0  43.0   222.4  13.9  35.3  52.0 176.6  3.8 -0.35 Ambiguous
J0107-0053 142.0 16/41  380.9  47.9  71.0  353.2 224.6  92.7   367.6 127.6 105.7                  -0.55
J0116-1025 118.8  4/13 -185.2  71.4   0.5  260.8  69.4   0.2   258.5  14.8  22.3 118.8 117.0  2.6 -0.27 Rotation Dominated + Disturbance
J0116-1025  28.8 10/13   33.7   6.0   0.6  275.0  78.2   0.6   106.6  78.2  55.7                   0.19
J0118-0826  42.3  9/15 -310.5  40.2   8.0  218.2 108.4   8.0   338.2 210.1  65.3  42.3  25.7  3.4  0.18 Rotation Dominated + Obscuration
J0118-0826 132.3  4/13 -296.4 448.7  15.2  220.3 208.1  15.8   331.3  49.0  67.5                   0.06
J0126+1420  96.4 23/41 -298.3 128.0  15.6  478.9 106.6  53.9   300.8   1.6   4.0 101.2  12.2  2.6  0.41 Outflow Composite
J0126+1420   6.4 23/45 -122.9   5.0   3.6  781.2  25.7  17.7   257.7  11.6   5.1                   0.56
J0135-0058  27.9  2/11 -229.1  36.3   7.1  242.4  34.4  27.9   117.2  71.4  36.1 117.9 130.7  7.6  0.15 Rotation Dominated + Disturbance
J0135-0058 108.0  4/11 -362.8  70.9  23.0  280.9  84.1  17.9   100.9  91.0  24.5                   0.23
J0142-0050  40.9  8/19 -384.5  82.7  13.4  168.4  22.8  15.9   186.4  44.7 112.3  40.9 169.4  9.2  0.22 Ambiguous
J0142-0050 130.9 12/17  -84.7   8.8  54.4  156.3  68.7  26.5    98.7  66.3   4.9                   0.04
J0200-0931  11.0 11/13 -140.0  29.4  75.4  485.3 397.0  24.0   282.4 179.5  16.3  94.4  45.1  5.0  0.09 Outflow Composite
J0200-0931 101.0   1/9  -92.2  30.4  30.6  589.6 206.8 253.4   399.7 130.6 112.8                   0.07
J0400-0652 154.2  7/11 -186.9  13.5   8.6  353.2   8.1   3.7   375.2   3.2   9.7  64.2  68.3  0.2 -0.14 Rotation Dominated + Disturbance
J0400-0652  64.2  7/11 -379.6   1.4   1.1  335.6   3.2   2.8   335.5   2.0   4.4                   0.7
J0735+4036 126.0   7/7 -185.2   7.4   3.4  112.4   7.5   3.2    82.6  10.2   4.4 168.6 137.7  1.3  0.27 Outflow Composite
J0735+4036  36.0  6/11  -90.5   2.7   2.5  698.8 122.3  31.7   178.0  83.6  70.5                   0.13
J0738+3156  75.0 24/39 -250.1  96.9   9.5  283.7  55.9   7.6   204.1 140.8  29.4 165.1 165.4  0.9  0.17 Rotation Dominated + Disturbance
J0738+3156 165.0 25/41 -235.6   1.2   0.5  449.4 305.6  32.0   295.4  15.2  13.1                  -0.76
J0741+3928  95.0  8/15 -395.6  83.0   8.6  766.6  64.7  61.7   195.1  97.9  96.7  95.0  81.8  1.1  0.37 Outflow Composite
J0741+3928  20.0  5/11 -176.5  37.3  14.7  492.8  35.0  44.9   476.2 135.4  93.9                   0.11
J0747+3440 142.4  6/17 -509.9 271.8  32.1  548.0  65.1  66.1   207.5 184.1  45.6  52.4 147.8 11.0  0.1  Outflow
J0747+3440  52.4  8/17 -285.3 142.3  75.3  242.5  28.0  99.1   128.4  52.8  16.4                   0.09
J0804+3051  44.7   2/5 -365.6  45.4 135.5  183.6 172.3  27.1   120.7  26.0   5.4 135.2 163.4 12.0  0.17 Outflow Composite
J0804+3051 133.7   5/7  735.8  25.5  39.6  151.1 281.5   0.0   175.2  77.1  74.7                  -0.1
J0808+4813 147.0  5/13 -231.9  81.6   5.2  299.4  85.1  32.4   195.2  75.1  20.3 167.5 139.6  8.2  0.12 Ambiguous
J0808+4813  57.0  5/15 -122.7  51.3  96.7  397.9  58.2  79.8   175.8  41.7   4.8                  -0.06
J0815+0635 157.0  2/11 -222.3  43.6  22.8  316.2  93.6 162.1   721.9 103.9  69.4  67.0  68.5  8.1  0.11 Rotation Dominated + Disturbance
J0815+0635  67.0  1/11 -340.9  14.5   9.3  388.8 348.9  20.6   230.3  89.3  82.7                   0.21
J0815+4304  49.7 17/25 -262.3   4.4   2.0  679.8  27.5 396.5   371.1 239.7 145.0  49.7 156.2  0.9  0.07 Outflow Composite
J0815+4304 143.0 16/25 -266.4   3.8   8.7  839.7 311.5  48.1   599.5 413.6 157.5                  -0.31
J0828+0742  56.5 18/25 -237.5   3.8   2.5  371.2   7.4   2.5   172.5   5.6   4.5  56.5 111.5  1.3  0.19 Ambiguous
J0828+0742 146.5 10/23 -279.5   5.3   3.6  106.3   3.0   6.2   182.9   9.5   7.4                   0.41
J0840+2727 114.4  5/13  445.6   1.8  27.3  124.1  64.5  12.9   396.4 186.7  80.4 114.4 118.4  7.2 -0.18 Outflow
J0840+2727  24.4  5/13  397.7 117.2  91.7  314.3  42.3   0.9   196.4  59.1  25.3                  -0.14
J0841+3931  42.7 10/13   91.2   0.5   0.5  236.4 186.0   1.0    96.3   3.1   6.5 132.7  98.3  8.5 -0.06 Ambiguous
J0841+3931 132.7 11/15 -296.5 159.7  11.5  120.2  66.3   0.0   146.9  56.6  20.4                  -0.1
J0842+0547   6.6 20/41 -330.2   2.7   6.0  563.8  52.9  62.3   395.9  16.6  21.4   6.7   1.8  1.4  0.29 Outflow
J0842+0547  96.6 13/39 -169.3  16.0   1.8  449.6   5.9  13.7   402.6  41.6  60.2                   0.18
J0846+4258 141.9  6/13 -226.5  43.3   0.2  339.8 197.8  17.6   451.8 166.1 145.0  51.9 175.7  8.6  0.15 Outflow
J0846+4258  51.9  6/15 -143.5  52.5  33.8  223.5 185.4  32.9   284.3  60.8  78.6                   0.11
J0853+2339  58.4  9/25  -88.6  15.8   5.5  322.1  13.4  35.9   204.9  90.5  24.5  58.4 140.8  0.8  0.38 Ambiguous
J0853+2339 148.4  9/25 -297.0  22.4   5.0  443.2  61.1  48.4   297.5  74.8  23.9                   0.35
J0858+1041  85.3  9/13 -180.1  13.3  11.0  221.0  17.5  23.7   160.6  27.8  13.4  85.3 157.3  3.0 -0.15 Ambiguous
J0858+1041 175.3  7/13 -226.2  21.1   6.6  203.2  10.4  10.5   253.2  94.3  90.7                  -0.13
J0906+1218  70.0 32/37 -244.5  41.4  22.4  671.5 606.8  50.6   174.5 168.8 104.5   7.4  64.1 13.0  0.26 Outflow Composite
J0906+1218 160.0 14/37 -252.5  15.1   4.1 1064.6 111.2  78.5   235.0  18.2  51.2                   0.45
J0909+3124  57.4  9/39 1231.0 112.3 296.2 1223.2  81.5 115.3   395.7  49.0  45.0 147.4 102.4  0.9 -0.56 Outflow
J0909+3124 147.4  2/39 -231.9  19.9  12.2 1231.0 303.2  27.0   558.8 182.6   0.1                  -0.15
J0911+1406  28.3 22/39 -176.6  27.0   1.4  618.2  28.5  28.6   659.7 111.1  73.3  57.6 136.3  0.9 -0.26 Outflow Composite
J0911+1406 118.3 14/39 -230.9  12.1  10.8  657.0 126.7  17.6   503.5  33.4  50.8                  -0.34
J0912+5320  52.8   4/7 -292.1  11.4  28.8  392.7 309.9  65.7   305.5  97.1  86.2  52.0 105.7  2.7  0.06 Ambiguous
J0912+5320 133.7   7/7 -305.9  88.5  92.3  122.6 160.3  59.0   408.0 113.7  91.2                   0.1
J0914+2102   6.0  6/11 -178.5  23.9  18.5  446.3 352.8  52.0   119.9  10.6   4.4   6.0  77.1  8.3 -0.3  Ambiguous
J0914+2102  96.0  3/13 -210.8  21.9  24.0  375.5 132.2  80.9   402.2 335.9  30.9                  -0.39
J0915+3009 153.0  7/11 -399.9  11.6   0.8  301.0   8.2  11.9   511.2  33.2  53.7 142.9 162.0  1.5 -0.57 Outflow Composite
J0915+3009  63.0  7/13 -201.9 153.8  32.9  300.4   9.8   5.6   621.8 427.2 103.3                  -0.21
J0916+2835  81.4  6/11 -177.8   5.6  11.7  269.5   4.9   4.4   340.2   1.9   1.6  81.4  40.8  1.3 -0.47 Ambiguous
J0916+2835 171.4  9/11 -151.5   1.5   3.2  311.6   3.5   5.6   348.2   1.8   1.7                  -0.46
J0941+3944  28.   5/11 -425.6   8.0   3.5  150.9   4.5  15.6   159.9  10.3   5.3  27.6  38.9  0.5  0.53 Outflow
J0941+3944 118.   3/13 -281.1  16.7   9.2  152.5  22.3  46.5   156.2 102.4  32.8                   0.31
J0941+5751 128.3  2/11 -243.0  50.4  25.3  243.3   6.9   9.9   109.5  20.3  33.2  38.3  32.3  2.3  0.13 Rotation Dominated + Disturbance
J0941+5751  38.3  7/13 -345.1   2.5   5.2  264.8  71.1  48.9    61.4  92.4  11.2                   0.33
J0942+1254 150.6  4/11 -125.3  34.0  16.2  379.6 427.2  45.5   247.4  81.2   0.1 150.6 117.5  7.2  0.11 Outflow
J0942+1254  60.6  6/13  106.1   7.8   5.4  497.8 288.1  19.2   256.1  50.4  25.3                  -0.13
J0942+1925  40.1 21/25 -224.4  11.4  12.3  909.2 147.7  99.0   363.9 170.6 172.9 130.1  64.5  0.5 -0.20 Outflow Composite
J0942+1925 130.1 21/25 -252.4  21.0  24.2  987.0 564.3  49.8   161.2 379.9  32.5                   0.19
J0952+2552   9.0  5/11 -420.5  33.8   7.8  358.2  98.1   7.1   162.1  99.9   6.0   9.4 173.5  2.5  0.23 Outflow
J0952+2552  99.0  4/13 -219.0  39.6   5.1  408.2 101.4  36.6   152.4   8.6  10.6                   0.15
J0958+2512  58.3  8/25 -132.9  23.2  56.9  140.4   5.6   6.7   284.6 163.2  76.4  58.3 174.3  0.7  0.23 Outflow
J0958+2512 148.3  7/25 -210.3  52.4  26.0  156.2  18.8  21.7   262.6 128.4  21.0                   0.23
J1001+2833 142.3  7/15 -195.5  76.3 115.7   88.7  30.7   9.0   258.0  91.3 127.2 142.3 106.1  4.0  0.21 Ambiguous
J1001+2833  52.3  8/15 -140.6  75.6  23.9   95.4 143.0  16.6   297.2  48.5  48.5                  -0.1
J1006+4647  26.6  6/11 -201.6  12.2   5.7   97.7   4.6   7.2   173.9  60.6  29.9 116.6  91.2  1.2 -0.17 Ambiguous
J1006+4647 116.6  2/13 -321.3   8.4   8.8  115.8   8.5  11.1   178.1  35.7   0.2                  -0.1
J1010+3725  53.0 13/17 -545.7   3.8   2.3 2240.2 277.6 254.5   672.1  26.8  10.8 156.4  26.1  9.2  0.17 Outflow Composite
J1010+3725 143.0 12/19 -663.8   4.4   4.3 1384.5  74.0  56.7   182.0 388.0  37.2                   0.17
J1016+2003  32.5  5/27 -130.3  35.6  39.5  217.9 137.7   0.0   137.5  33.7  17.8 122.5  27.3  2.6  0.38 Ambiguous
J1016+2003 122.5  7/25 -139.1  47.2  49.2  269.9 102.0  56.5   129.2  33.2  31.8                  -0.41
J1023+3243 125.3 12/17 -339.8  10.4  15.2  208.1  36.4  70.1   138.9   5.5  10.3 125.3 137.4  8.5 -0.06 Rotation-Dominated + Obscuration
J1023+3243  95.3 12/17 -222.6  22.6  68.6  361.4  83.9  64.5   145.2   4.4  16.5                  -0.06
J1027+3059 167.5  7/11 -331.2  17.0  18.6  349.9 151.3  53.6   187.6  43.3  19.8 167.5  76.3  2.4  0.16 Outflow Composite
J1027+3059  77.5  6/13 -413.4   5.3  14.8  125.4  22.6  18.0   245.5 148.0  28.8                   0.22
J1031+3806 104.1 11/37 -135.0   5.4  16.4  974.8  37.2  30.3   571.9 310.4  35.2  14.1   7.1 11.0  0.13 Outflow
J1031+3806  14.1 10/39 -132.5  60.3   6.5 1017.9  94.7 106.2   435.9 118.2 104.5                   0.16
J1033+2847  10.0 17/19 -121.2   3.0   0.6  442.1  75.0  91.7   592.3  13.6   7.6  42.5  93.1  0.3  0.25 Outflow Composite
J1033+2847 100.0 11/19  175.6   1.0   0.8  317.9   3.0   2.9   622.3  15.7  17.2                   0.39
J1042+3853  42.4 11/27 -351.0  76.8   5.0  446.7 395.9   8.6   281.6 144.1  75.0 132.4  53.9  1.1  0.08 Ambiguous
J1042+3853 132.4  3/25 -168.1 256.2  54.8  166.2  47.2  21.1   246.8  29.0  14.4                   0.06
J1048+0055  20.0  9/15 -239.2   2.1   1.0  413.5   8.3   9.2  1052.4 928.8 123.7  32.3  16.0  5.6  0.43 Outflow Composite
J1048+0055 110.0 10/19 -179.5  42.5  19.7  505.8   8.2  11.6   865.2 183.6 262.6                   0.19
J1102+2907  32.3  6/11 -297.1  37.4  17.9  180.4  96.4  38.0   256.2  57.5 114.3 122.3 140.9  1.7  0.11 Rotation Dominated + Obscuration
J1102+2907 122.3  5/13 -342.6   9.7   3.4  235.6  13.5  40.9   105.2  20.5   4.6                  -0.12
J1108+1951  22.7  3/13 -132.2   1.9   9.9  289.3  70.9  49.6   236.3  22.5  67.9 112.7 133.5  0.9 -0.09 Ambiguous
J1108+1951 112.7  3/13 -234.9  67.8  41.5  222.1 186.9  10.5   197.1  47.4  28.3                  -0.38
J1123+3028  32.2 15/21 -241.0   0.8   3.6  510.7   6.4   8.3   466.4  54.8  36.0 122.2  70.7  0.2  0.24 Outflow Composite
J1123+3028 122.2 18/23 -504.1   0.1   0.1  503.8  10.8  17.8   543.2   8.9   5.5                   0.71
J1123+3105 135.0 19/25 -185.2  25.0  14.8  556.5  93.3  89.7   582.2 136.3  40.6  74.2  74.2  2.5 -0.17 Outflow Composite
J1123+3105 100.0 18/25 -244.4  12.3   6.5  452.0   8.6   8.5   417.1   4.9   4.1                  -0.35
J1126+2944 149.2  3/15 -385.6 791.6   6.8  169.4   2.3  27.9   177.8  13.2  19.6 149.2 150.3  1.3  0.38 Rotation Dominated + Disturbance
J1126+2944  59.2  8/13  -51.5  16.1   0.7  208.6   2.4   5.1   135.9   2.0   6.1                  -0.07
J1129+3428  79.7  7/13 -461.8   3.9   1.9  267.9   7.7   4.8   263.3  17.4  16.1  79.7  77.9  0.4  0.44 Outflow Composite
J1129+3428 169.7  7/11 -379.0  18.7  13.1  221.5  14.1  18.9   113.5   7.5  17.8                   0.31
J1139+0900  71.9 20/29 -262.1  14.6   3.2  191.9   6.5  23.5   152.1  49.4  12.2 161.9  87.3  0.6 -0.25 Ambiguous
J1139+0900 161.9 14/27 -181.0  39.7  16.6  251.5  73.8  32.5   180.4  32.9  14.3                  -0.14
J1145+4059  95.0 18/23  364.5   7.0   3.2  264.2  38.0  14.8   156.1   1.9   1.8  51.8  89.4  5.4 -0.66 Ambiguous
J1145+4059   5.0 14/23  363.2   5.6  47.4  213.5   8.1   4.4   176.7  12.9  18.3                  -0.63
J1155+1507  49.5  4/13 -117.1  42.9  90.2 1028.3 294.9  67.8   201.7  77.9  22.8  49.5 137.0  0.8  0.07 Outflow
J1155+1507 139.5  6/13 -130.2  86.7 130.7 1058.4 513.1  18.0   601.2 686.7 130.8                   0.1
J1157+0816  38.0  8/19   64.1  33.1  19.8  361.7 151.4 100.1   238.9  32.6  30.3  38.0 137.4 10.1 -0.06 Ambiguous
J1157+0816 128.0  3/11 -161.9 193.4  15.3  340.3 216.0  16.1   144.9  11.8  39.3                   0.07
J1157+5155  10.0  7/13  -81.5   1.3   0.5  610.0  92.4  41.0   471.8   9.1  15.6 173.6  64.9  1.7 -0.06 Outflow Composite
J1157+5155  95.0 11/13  152.3   2.1   1.2  683.7  14.4  28.2   523.9  32.3  24.7                  -0.75
J1158+3231   7.9  5/11 -256.1  22.5  11.2  429.2   9.2   8.1   434.1   3.7   8.5   7.9  12.7  1.5  0.09 Rotation Dominated + Obscuration
J1158+3231  97.9  9/11 -164.6  33.8  15.4  426.0  16.0   6.6   462.2  35.5 276.4                   0.07
J1202+2631  26.8 15/35  -52.6   1.6   1.2  542.5 222.5  88.2   591.5   1.4   8.7  26.8 117.7  0.7 -0.16 Outflow
J1202+2631 116.8 16/35 -122.3  29.4   7.0  332.9 191.1  24.2   582.2   7.2   4.7                   0.15
J1238+3037  42.0  9/21 -324.0   6.5   4.2  431.0  27.1  18.6   413.5 143.0  50.2 171.5  39.8  7.9  0.28 Outflow
J1238+3037 140.0 11/25  -90.0  80.0  21.9  530.1 116.4  44.6   189.1  97.4  21.8                   0.06
J1239+5314 124.4  2/13 -290.3  23.0  20.6  266.2 104.6 130.7   415.5 139.4  93.5  59.9  40.6  3.5  0.13 Outflow
J1239+5314  34.4  7/17 -306.7   8.8   9.8  314.1 319.9   3.1   540.6 250.1  13.9                   0.38
J1243-0058  70.0 10/23  184.4   8.2   9.6  489.5  56.9  58.2   317.5  91.1  83.4  69.9 113.2  4.8 -0.19 Outflow
J1243-0058 150.0  9/21 -248.7 121.6  29.7  500.2 139.7  47.7   207.9  36.6   5.7                  -0.17
J1245+3723  90.0 14/19  247.9   1.7   6.0  410.6   9.6  11.2   372.7  30.0  15.5 159.2  25.3  0.2 -0.62 Ambiguous
J1245+3723 145.0 14/19 -101.2  29.6   6.7  283.7 130.5  94.8   394.0   6.8  21.6                   0.18
J1248-0257  61.0 18/37 -282.3  57.5   0.6  377.8 205.5  12.7   301.6  10.5  10.2  81.8  42.9  1.2 -0.38 Ambiguous
J1248-0257 151.0 18/35 -179.0   2.6   0.9  284.7 148.4   7.6   442.4  84.3  50.5                   0.29
J1248+3624  74.8  6/13 -244.8   5.5   7.2  227.2  15.8  19.6   227.5  89.9  91.3  74.8  81.3  1.3  0.76 Outflow
J1248+3624 159.8  5/11 -114.8  38.9  57.2  140.1  31.3  22.2    97.1  13.3   7.0                   0.19
J1301-0058  45.0  8/21 -203.0  23.6   2.4  495.6  12.5   8.0   357.3 150.6  24.7  85.5   2.1  1.3  0.47 Ambiguous
J1301-0058 135.0  9/19 -145.7   9.7   0.7  415.5   7.3   6.0   387.3 138.4  20.3                  -0.66
J1307+4604 157.0  4/13 -275.5  94.9  51.7  610.2  79.3  51.8   152.8 123.5  24.8 161.7 108.3  7.5  0.24 Outflow
J1307+4604  67.0  7/15   80.7   3.2   4.4  668.0  16.0  16.5   529.6 234.7 295.0                  -0.83
J1323+0308  45.0 24/29 -386.6   0.4   0.9  270.0  20.6  13.3   287.2  14.4  17.0  93.7  40.5  1.2 -0.82 Outflow Composite
J1323+0308 130.0 10/29 -306.9 133.8 102.8  602.7  67.7 232.7   737.5 417.3 174.5                   0.5
J1332+4632  60.0 11/19  -59.5   2.5   0.9  658.4  24.1  27.9   367.9 879.5  31.6 150.0 143.6  1.0 -0.29 Outflow Composite
J1332+4632 160.0 17/21 -249.7  10.9   4.0  426.7   6.0   3.4   406.7   3.0   2.0                   0.46
J1333+3007   0.0 15/25  -66.0 114.0   2.9  221.4  80.4  16.4   261.1  52.5  10.2  97.0 103.8  3.2  0.09 Outflow Composite
J1333+3007  90.0  8/25 -172.0  15.7   2.1  579.0  61.0  99.3   294.9   9.8  40.3                   0.37
J1344+3317  67.0 14/23 -204.0  15.7   3.5  324.7  15.3   7.4   356.8  11.9  13.3  47.5 168.6  4.7 -0.13 Outflow Composite
J1344+3317 157.0  9/25 -309.8  21.4  14.6  390.7  17.6  10.9   489.4 140.6 118.0                   0.93
J1408+0430  55.0 11/25 -219.8 478.5  57.7  497.1 242.8 161.58  304.0  87.2  27.4 162.8 146.5  2.5  0.1  Rotation Dominated + Disturbance
J1408+0430 145.0 15/25 -338.5  16.5  12.2  422.6  20.4  67.1   458.0  76.3 106.2                  -0.79
J1408+3532  38.8  5/11 -266.1   6.1   7.6  221.8  29.7  33.8   386.2  76.7  42.8  39.9  30.2  1.9 -0.39 Rotation Dominated + Disturbance
J1408+3532 128.8  4/11 -147.9   6.3   0.2   67.1   2.2   4.0   324.0  12.1   8.4                   0.08
J1459+2307  18.7  7/17  -90.6  30.0  38.2  229.9 130.4  84.9   273.9  58.2  33.5 108.7 167.8  2.7  0.08 Ambiguous
J1459+2307 108.7  7/15 -397.7  73.6  16.2  122.6   7.2  10.5   321.7  43.9  91.1                   0.14
J1516+1830  70.0 11/19  118.7   3.0   2.8  747.1   3.4   2.8   146.3   1.3   2.6  79.2 129.3  0.3 -0.3  Outflow Composite
J1516+1830 160.0 17/21  152.9   2.5  13.1  760.6  12.2   9.7   695.9   6.2  10.9                  -0.65
J1517+3353  13.0   5/7 -342.2  16.3  14.9  563.1 206.9  72.5   308.6 192.1   2.3 114.3 117.6  1.9  0.27 Outflow Composite
J1517+3353 103.3   5/7 -546.0   1.8   3.2  514.5   4.0 177.2   526.7  11.4 122.3                  -0.46
J1518+2440 109.0 13/19  -57.9   1.5   1.7  188.7   2.4   0.5   314.4 110.0   2.7  32.0  57.5  0.6 -0.37 Ambiguous
J1518+2440   0.0 12/19 -139.3  31.7   7.3  304.8 160.1  11.6   146.9   7.4   3.4                   0.7
J1524+3237   5.0 17/21  -43.0   1.5   7.4  439.2 192.3 227.4   721.3   9.4   5.5 128.9  15.1  7.6  0.33 Outflow Composite
J1524+3237  95.0 10/13  -55.5 114.6   0.6  480.0 120.2   1.7   713.9   7.1   4.0                  -0.35
J1539+3435  50.0  6/13 -186.6   0.6   0.1  283.8  60.3  56.8   529.5   0.6   0.2 167.5 168.8  0.3  0.4  Outflow Composite
J1539+3435 140.0 12/19 -191.2   0.0   0.1  505.8   2.3   3.8   534.5   5.6   5.6                   0.57
J1541+2036 147.0 19/35 -150.3  17.9  30.4  452.8  16.2   8.6   569.6   2.5  10.3 159.4  62.0  4.3 -0.19 Outflow Composite
J1541+2036  57.0 14/37 -143.7   8.3   1.4  423.5 151.1  69.2   692.4 474.9  23.7                   0.41
J1556+2418   9.3  5/13  132.3  33.8  36.0  308.2  34.0  12.3    97.6  22.4  12.8  99.3  69.9  4.5 -0.07 Ambiguous
J1556+2418  99.3  4/13  262.1  27.8   3.0  288.4  13.4  22.2   349.2  72.1  36.7                  -0.13
J1604+5009   2.9   4/7 -139.8   2.8   5.4  352.3  33.9  19.7   141.9  11.8   9.4 120.1  98.2  5.4  0.23 Outflow Composite
J1604+5009  95.1   4/7 -493.5   6.6   6.8  105.9   8.0  13.4   313.6  69.8  70.3                   0.49
J1606+2736  70.8  6/11  -54.6   3.9   2.1  336.0  15.9  17.0   543.1   8.4   6.5 160.8 162.3  0.7 -0.39 Outflow Composite
J1606+2736 160.8   5/9 -213.5  34.6   9.6  346.5  24.6   4.7   515.6   5.7   4.0                  -0.73
J1610+1308 108.0  9/37 -198.9   1.8   3.1  525.9  54.3 121.3   320.4  45.8  31.0  87.9 104.4  1.7  0.17 Outflow
J1610+1308  18.0 17/37 -125.1 138.3   3.1  465.2  99.3  15.1   364.3  46.9  66.0                  -0.06
J1618+2159  56.1  8/13 -149.7   7.3  42.4  244.7  89.3  23.5   440.4  17.5   1.7 146.1  19.2  6.5  0.14 Ambiguous
J1618+2159 146.1  4/11 -178.6  35.1  21.2  318.7 331.2  96.8   386.9 111.3  21.6                   0.14
J1623+0808  46.4  7/13 -267.6 115.5  39.3  464.8  17.4   8.5   468.1  58.1  42.4  46.4  27.9  4.8  0.16 Rotation Dominated + Obscuration
J1623+0808 136.4  8/13  108.9  10.1  10.6  475.4  47.6   9.3   121.2  40.1  18.2                  -0.17
J1637+3523  22.7   3/5 -357.3  42.1 106.0  182.6 274.0  19.5   301.6  75.1  27.0  22.4 133.3  9.3  0.15 Ambiguous
J1637+3523 112.4   1/5 -331.0   4.5   4.2  147.5  69.0  19.9   139.9  16.5  10.1                   0.37
J1647+3831 174.2 26/27  394.3   0.2   0.3   99.4  21.1   4.7   321.6  78.6 134.6 174.2 153.8  1.5  0.24 Ambiguous
J1647+3831  84.2 25/27 -259.9  10.2   4.8  143.0   9.9  15.1   103.2  19.4  12.3                   0.18
J1715+6008  32.9   1/5 -504.8  13.5   8.4  410.7  12.9  10.8   328.4  18.8 149.8 172.2 145.6  6.8  0.46 Outflow
J1715+6008 120.7   0/5 -436.2   3.6   5.3  326.0  93.8  70.2   327.3  13.7  11.3                   0.71
J2104-0009  10.2  3/11  -19.8  19.7   0.6  422.3 242.2  20.1   359.5  88.9 100.6 100.2  97.8  4.9 -0.07 Rotation Dominated + Obscuration
J2104-0009 100.2  6/11 -185.0  81.3  44.4  385.8 129.2  74.0   403.5  25.7  49.2                   0.06
J2252+0029 178.1  7/13 -381.6  56.1   4.4   85.7  37.1  12.5   202.3  44.3  38.7  88.1 135.8  5.6  0.15 Ambiguous
J2252+0029  88.1  8/13 -327.7  11.4   1.0  102.7  22.1  16.7   165.4 169.4   4.3                   0.15
J2255-0812   0.4 10/13 -295.8   0.5   6.1  739.2  55.8   2.5   489.9 133.0  20.4   0.4 176.6  1.9 -0.38 Outflow Composite
J2255-0812  90.4  7/11 -145.5 147.1  45.8  525.3 275.6  19.7   220.3  42.8  21.0                  -0.28
J2333+0049  24.7  3/13 -448.7  12.2  13.4  376.8 146.2  69.7   540.1  23.1  16.4 114.7  32.9  3.4  0.3  Outflow
J2333+0049 114.7  3/13 -193.8  25.5   6.9  512.4 230.0 133.5   543.0  29.4  37.0                   0.14
J2352+0011 167.0  7/13 -293.7  12.6   8.0  697.2  59.0  20.3   110.5   9.3   6.2 151.6 164.4  2.7  0.15 Outflow Composite
J2352+0011  86.0  7/11 -266.4  10.6  11.5  165.7  65.1  10.2   131.9  27.1  12.1                   0.15
