J000531.41+001455.9  28.0   7  146  53  372 125  11.2   5 -179  32  125  49 0 2.15 30
J003159.87+063518.8   6.2  11  446 139  223 278  18.1  12   61 232  560 274 0 2.07 31
J004305.92-004637.6   7.8   6  395  74  236 276   9.5   6  111  55  209 151 0 1.20 32
J004312.70+005605.0   9.3   2  215  31  215  65  16.6   2 -140  13  212  24 0 1.32 33
J014822.62+132142.7  37.8  15  883  78 1048 438  27.6   6 -376 102  779 149 0 0.83 47
J015734.24+003405.5  17.1   5  806  50  260  93  70.6  12  -69  42  672 131 0 1.05 37
J021648.36-092534.3   8.9   2  538  27  185  50  35.8   5   -4  36  546  95 0 1.06 24
J023234.33-091053.0  51.4  17 1462 157 1565 506  34.4  10   31 151 1121 238 0 0.73 66
J034222.54-055727.9  28.8   9  480   0  925 302  58.4   7 -323  37  656  81 0 1.09 78
J035230.55-071102.3 120.0  42  382  68  433 135 201.2  40  -70  33  379  57 0 0.95 32
J073408.62+411901.1  10.8   6  322  42  204  89  24.6   7  -27  49  367 143 0 0.58 25
J074341.97+245958.2  26.8  11  398 166  730 203  18.7  12 -346 185  661 362 0 0.94 47
J080849.23+400918.7  57.1  35  -47 221  712 319  36.7  32 -470  38  326 153 0 1.09 53
J081006.90+145333.2  36.4   8 1143  45  617 146  53.6  10  -56  67  988 212 0 1.13 43
J081043.21+234807.4  19.6   9  209 136  508 244  28.9   9 -372  83  396 122 0 1.90 41
J081735.07+223717.7  63.0  48  593 270  694 374  98.8  50  -11  96  521 165 0 1.62 69
J081921.79+444854.4  12.3   8 1015  81  430 206  84.9  19   95  75 1205 225 0 1.28 33
J082732.26+141322.1  12.7   4  303  43  258 114  10.9   4 -104  48  256 141 0 1.08 66
J083624.96+504248.5  14.4   5  444  59  306 142  24.6   5  -94  42  334  88 0 0.98 28
J084428.51+014818.7  14.0   2  267  55  507 104  13.4   2 -325  31  326  60 0 0.89 73
J084608.82+520600.7  22.4   8  183 119  655 234  36.5   8 -643  81  669 147 0 1.91 77
J084624.23+581654.4  15.0   4  626  63  479 159  27.3   4 -157  76  733 279 0 0.98 75
J085006.92+123400.4  55.5   9   18  57  821 159  22.0   5 -831  41  338  82 0 0.81 67
J085205.91+183922.2   4.7   2  410  23  117  55   5.5   2   39  25  135  54 1 0.78 34
J085432.74+354650.8  16.0   9  382  36  193 107  75.9  14 -146  48  604 155 0 1.26 66
J085602.95+503119.9  15.0   5  327  88  476 173   8.2   4  -44  37  218  77 0 1.05 71
J085850.00+255146.0  57.3  10  214  46  568 111  15.1   6 -391  55  274  99 0 1.27 66
J090225.61+083042.7  15.2  18  399 226  504 504  42.2  16 -139  92  536  86 0 1.04 72
J090916.08+163522.5  45.8  30  560 206  527 232  78.0  32   35  86  472 143 0 1.10 64
J093036.24+383228.8  11.9   3  432  13   89  70  51.7   7   -8  33  484  79 0 0.91 70
J095015.77+230255.5  40.2  13 1157 158 1047 439  22.9  13  -95  96  444 464 0 0.95 77
J095206.38+235245.2  31.7   7  553  45  431 105  20.3   6   65  42  302  81 0 1.05 68
J095207.47+213510.2  26.2   9  374 104  652 383  34.9   2 -300   9  434  59 0 0.61 29
J095558.98+310943.0  15.2   7  532  64  280  90  61.3  12   23  36  501 134 0 1.42 63
J100155.02+173700.3  20.1  13  474  75  250 160  31.9  15   59  92  391 216 0 1.98 64
J100222.57+311211.8  12.1  18  409  72  188 217  62.9  30 -124 170  758 474 0 0.72 62
J100225.33+313123.6   5.7   2 1083  69  447 146  22.9   4  -39  59  945 140 0 0.98 36
J100228.89+293226.5  12.2   3  285  41  292  84  23.8   4 -235  30  368  83 0 1.14 74
J100716.24+070042.0  13.5   5  362  44  177  59  38.5   8    7  31  312 101 0 0.87 41
J101246.33+171419.0   8.1   3  219  65  342 134  18.2   4 -473  88  708 211 0 0.71 66
J101648.99+041928.1  20.2   4  483  19  186  36  32.9   5  112  23  304  73 0 0.76 66
J102034.30+432740.9  14.9   4  344  28  141 116  20.2   6    8  47  297 116 0 1.07 63
J102157.91+263823.9   6.1   3  340  24  130  58  20.1   5 -100  70  537 180 0 0.58 70
J102507.44+423024.8   8.8   3  264  51  239 106  42.5   5 -242  25  417  63 0 0.72 64
J103523.55+193017.7  17.1   5  423  54  365 130  19.6   5 -109  52  374 108 0 1.20 74
J104755.02+120850.2  13.1   8  427 130  386 213  34.1   9 -107  67  477 160 0 1.27 75
J105021.18+602808.3  15.0   6  298  68  277 130  18.8   6   23  22  150  43 0 0.86 65
J105035.57+190544.2  17.2  22  150  92  418 329  14.5  17 -402  81  363 329 1 0.98 51
J105606.94+292849.7  15.2   4  401  54  372 159  14.0   4 -202  56  386 112 0 1.05 72
J105634.56+121023.5  13.5  12  179  37   99 166  35.4  32 -144  59  350 164 1 1.76 50
J110907.57+414324.6  16.7   6  324  52  310 155  47.1   4 -203  26  466  57 0 0.74 54
J111332.53+171002.5  15.3  13  233 161  401 254  20.8  13 -254 159  476 237 0 1.24 48
J111852.51+045353.5   9.5   7  532  58  267 185  58.1  11  -52  47  684 188 0 1.08 56
J112317.51+051804.0  58.3  13  120  61  739 201  13.6   5 -380  12  186  71 0 0.62 66
J112357.74+662255.6   7.6   2  540  27  215  59  27.1   4  -83  44  670 129 0 1.44 75
J112439.72+002419.6  17.9   8  196  85  306 150  13.7   8 -231 115  314 229 0 1.51 65
J112507.36+375119.6  18.6   8  441  49  296 144  44.4  11 -132  60  590 177 0 0.70 60
J114744.61+331339.5   9.8   4  548  63  340 108  41.0   6 -100  46  725 138 0 0.89 74
J115111.51+050528.7  31.4   6 1289  73  660 116  47.5   8  226  59  862 181 0 0.59 55
J115129.37+382552.3  25.1  13  708  81  333 196 122.5  21  -49  44  625 118 0 1.05 47
J115139.68+335541.4   5.3   2  516  63  278 101  21.0   3   -3  20  317  56 0 0.85 73
J120112.97+130153.3  23.1   7  425  59  404 143  33.9   8  -95  48  437 109 0 1.04 62
J121413.55+052254.3  63.4  34  322 125  620 244 138.8  31 -349  72  678 111 0 0.54 37
J122059.90+683226.0  38.6   7  130  31  332  58  35.7   6 -241  15  196  49 0 1.05 18
J122920.19+045806.6  17.4   6  611  56  322 153  20.5   6  130  47  316 132 0 1.27 72
J123252.73+301523.4  17.7  14  452 177  597 491  32.0  13 -275 124  619 258 0 1.12 73
J124302.16+191127.3  23.8  22  476 135  325 472  27.0  19  -11 160  361 248 0 2.33 24
J124410.82+172104.5  82.0  34  614  74  415 173 242.4  42  -84  50  634 120 0 1.52 60
J124902.54+171454.8  42.3  28  747 235  862 401  38.1  26  -10 209  773 279 0 0.47 47
J124926.52+092237.9  10.1   4  776 121  612 255  14.7   4 -173 100  688 239 0 2.46 75
J125939.54+140724.7  14.9   5  705  94  561 199  27.2   6  -96  69  678 172 0 0.91 78
J130507.52+223644.1  17.3   6  975 101  625 277  29.8   8   88  68  742 277 0 0.87 78
J132719.41+614136.0  32.1  14  577  66  365 186  21.4  12  202  59  250 129 0 1.21 17
J132751.21+061751.5  76.9  31  500 156 1106 377  29.5  16 -286  93  439 149 0 1.68 33
J134213.26+602142.9  16.0  11  536  87  416 318  46.9  10  -65  53  526 100 0 0.54 22
J134812.78+663935.5  13.0   5  795  68  336 121  37.2   8   61  75  731 199 0 1.24 72
J135559.88+260039.0  23.9  12  274  32  227  75 128.3  13  -98  23  489  56 0 1.26 53
J135645.52+405952.0  15.0   5  875  71  491 218  45.5   8 -173  50  816 169 0 1.02 42
J141737.36+215313.8  28.0  11  216  43  360 239  11.7   8 -114  38  178  79 0 0.98 32
J142242.49+041439.1  31.6  11  603  62  499 209  56.7  10  -70  40  504  83 0 0.54 23
J142749.36+532508.9  43.3  13  486  72  495 180  22.2  12  -46  73  352 193 0 1.64 22
J145103.23+114108.5  11.3   5  412  58  204  71  24.1   6  -80  44  240  70 0 1.65 64
J145138.82+084740.8  16.1   7  628  70  336 171  40.8   8   73  45  448 116 0 0.95 64
J145659.27+503805.4   9.1   7  192  37  145  77  34.6  42  -92  58  383 194 1 1.12 51
J145855.01+115654.7  19.0  10  373  49  198  67  44.9  14  -39  75  497 160 0 1.72 21
J150222.10+000933.1  38.4  16  469 169  754 290  18.6  13 -157 116  402 183 0 1.62 69
J150243.93+281739.9  18.8  10  108  62  193 115  18.9   9 -140  54  175  76 0 2.17 28
J150940.68+571811.8  20.4   4   43  32  350  41   8.9   7 -382  33  311 317 0 1.14 73
J210225.32-004841.8  14.8   5  549 120  526 177  22.7   5   31  31  292  61 0 0.67 52
