000439.57-004319.2   1.164883  -0.722014 2.4211 21.475 0.179 20.633 0.039 20.018 0.028 19.751 0.031 19.484 0.076 0.076 1        1 1755   0 2 384  406 52203  685  22
001509.46+351111.6   3.789439  35.186576 2.4736 20.177 0.040 19.539 0.019 19.319 0.019 19.218 0.019 18.960 0.041 0.041 0     8192 3366  20 5  22  473 52999 1468 268
001510.37+354004.9   3.793231  35.668044 2.9886 20.980 0.087 19.467 0.023 19.187 0.024 19.153 0.026 19.002 0.042 0.042 0        4 3367  20 6  25  511 52999 1468 386
001552.04+352216.4   3.966839  35.371239 0.7361 19.225 0.025 19.003 0.016 19.037 0.014 19.082 0.018 18.956 0.039 0.039 0        4 3366  20 5  24   82 52999 1468 426
001628.24+344434.9   4.117698  34.743040 1.2350 18.938 0.024 18.909 0.014 18.709 0.013 18.709 0.014 18.803 0.043 0.043 0        4 3366  20 4  21  124 52999 1468 221
001647.26+344255.5   4.196927  34.715429 1.2713 19.275 0.035 19.605 0.034 19.136 0.024 19.169 0.035 19.167 0.061 0.061 0        4 3367  20 4  21  284 52999 1468 230
001708.65+350708.7   4.286060  35.119097 2.2968 19.150 0.025 18.714 0.013 18.703 0.013 18.636 0.014 18.369 0.033 0.033 0        4 3366  20 4  23  158 52999 1468 193
001717.52+354253.5   4.323039  35.714864 0.3482 20.289 0.045 19.765 0.017 19.175 0.015 18.894 0.016 18.480 0.028 0.028 1        4 3366  20 5  27  341 52999 1468 428
001737.81+362738.3   4.407551  36.460646 1.8465 19.789 0.038 19.673 0.022 19.549 0.016 19.199 0.019 19.126 0.049 0.049 0        4 3366  20 6  31  409 52999 1468 324
001759.96+360822.9   4.499869  36.139705 1.9258 19.176 0.034 19.009 0.018 18.763 0.013 18.439 0.016 18.273 0.028 0.028 0        4 3366  20 5  30   65 52999 1468 374
001805.49+354051.2   4.522893  35.680912 0.7675 19.432 0.028 19.085 0.016 18.990 0.033 19.051 0.018 18.977 0.043 0.043 0        4 3367  20 5  28   66 52999 1468 467
001813.29+361058.5   4.555405  36.182936 2.3164 18.415 0.026 17.900 0.017 17.835 0.012 17.605 0.014 17.275 0.020 0.020 0        4 3366  20 5  30  191 52999 1468 377
001826.53+361628.9   4.610559  36.274707 1.3399 19.633 0.033 19.640 0.018 19.313 0.014 19.218 0.021 19.255 0.052 0.052 0        4 3366  20 5  31   75 52999 1468 372
001835.45+352042.4   4.647748  35.345118 0.4093 21.194 0.097 20.735 0.067 19.751 0.066 19.199 0.066 18.784 0.044 0.044 1        4 3366  20 4  26   94 52999 1468 480
001847.44+341209.5   4.697702  34.202660 0.4474 17.675 0.018 17.512 0.012 17.711 0.013 17.624 0.014 17.416 0.018 0.018 0        4 3366  20 2  20   18 52999 1468 208
001850.67+354636.4   4.711133  35.776798 1.4886 20.074 0.040 19.687 0.023 19.279 0.024 18.898 0.018 18.751 0.035 0.035 0        4 3367  20 5  29   70 52999 1468 463
002024.77+345133.3   5.103249  34.859276 2.4947 20.679 0.058 19.580 0.019 19.307 0.023 18.975 0.034 18.610 0.032 0.032 0     8192 3367  20 3  25  409 52999 1468 164
002058.23+335409.6   5.242658  33.902689 2.9947 20.736 0.055 19.530 0.015 19.291 0.018 19.219 0.022 19.238 0.052 0.052 0     8192 3366  20 1  20  263 52999 1468  98
002131.42+345836.2   5.380952  34.976735 2.1079 19.566 0.030 19.488 0.016 19.400 0.017 19.188 0.019 18.922 0.038 0.038 0        4 3366  20 2  26  158 52999 1468 149
002136.76+362645.1   5.403174  36.445888 1.4774 18.500 0.022 18.300 0.012 18.065 0.015 17.818 0.014 17.798 0.022 0.022 0        4 3366  20 4  34  189 52999 1468 522
002137.38+341814.8   5.405764  34.304123 0.2917 19.602 0.027 19.520 0.017 19.247 0.015 19.158 0.020 18.539 0.032 0.032 1        4 3366  20 1  23   12 52999 1468  51
002137.69+361853.3   5.407064  36.314812 0.2190 20.176 0.049 19.964 0.023 19.405 0.019 18.867 0.018 18.755 0.041 0.041 1        4 3366  20 4  33  476 52999 1468 532
002154.54+352640.1   5.477276  35.444485 0.9692 19.058 0.023 18.841 0.017 18.635 0.019 18.707 0.020 18.510 0.033 0.033 0        4 3367  20 3  29  279 52999 1468 512
002223.93+355717.8   5.599748  35.954968 3.0929 20.533 0.054 19.015 0.015 18.819 0.017 18.872 0.018 18.741 0.037 0.037 0     8192 3366  20 3  32  290 52999 1468 516
002232.88+362322.4   5.637039  36.389559 0.4305 19.675 0.032 19.448 0.016 19.336 0.018 19.105 0.018 18.828 0.044 0.044 1        4 3367  20 4  35  170 52999 1468 575
002300.49+363550.7   5.752067  36.597424 2.0055 18.773 0.023 18.633 0.015 18.440 0.013 18.277 0.015 18.092 0.028 0.028 0        4 3366  20 4  36  260 52999 1468 566
002336.13+351601.1   5.900563  35.266998 2.1757 19.205 0.027 18.876 0.015 18.652 0.012 18.442 0.011 18.189 0.025 0.025 0        4 3366  20 2  29  216 52999 1468  73
002443.58+354937.3   6.181594  35.827053 2.2088 19.445 0.030 18.969 0.014 18.809 0.016 18.703 0.015 18.414 0.033 0.033 0        4 3366  20 2  33  277 52999 1468 582
002445.95+345903.4   6.191484  34.984281 0.7246 20.149 0.039 19.545 0.023 19.237 0.014 19.004 0.016 18.812 0.040 0.040 0        4 3366  20 1  29   74 52999 1468  29
002520.16+344316.7   6.334002  34.721315 0.8961 19.626 0.030 19.016 0.015 18.570 0.021 18.303 0.019 18.086 0.024 0.024 0        4 3367  20 1  28  236 52999 1468  27
002542.72+352851.2   6.428021  35.480893 0.5802 20.143 0.038 19.599 0.017 19.462 0.016 19.202 0.021 19.287 0.055 0.055 0        4 3366  20 1  32  359 52999 1468 595
010016.61+461000.9  15.069223  46.166936 1.8267 19.802 0.030 19.614 0.014 19.503 0.017 19.199 0.022 19.144 0.043 0.043 0        4 3366  20 5 115  294 52883 1471 317
010016.91+463001.7  15.070465  46.500487 2.0057 19.727 0.043 19.656 0.023 19.345 0.014 19.091 0.016 18.862 0.053 0.053 0        4 3367  20 6 117  876 52913 1472 306
010046.18+464244.6  15.192428  46.712416 0.7617 18.843 0.035 18.453 0.017 18.210 0.015 18.244 0.018 17.938 0.033 0.033 0        4 3367  20 6 119   66 52913 1472 347
010106.94+453944.8  15.278925  45.662456 1.5744 20.258 0.046 19.638 0.013 19.269 0.012 18.869 0.014 18.840 0.042 0.042 0        4 3366  20 4 113  770 52883 1471 289
010207.40+464640.0  15.530860  46.777800 0.9279 19.081 0.033 18.702 0.022 18.372 0.011 18.363 0.019 18.253 0.033 0.033 0        4 3367  20 6 120  282 52883 1471 351
010219.09+471702.0  15.579560  47.283910 1.8447 19.259 0.032 18.984 0.011 18.872 0.013 18.562 0.011 18.495 0.033 0.033 0        4 3366  20 6 122  478 52913 1472 339
010242.85+461805.4  15.678570  46.301513 2.0292 19.271 0.030 19.028 0.020 18.869 0.011 18.730 0.016 18.525 0.036 0.036 0        4 3367  20 5 118  274 52913 1472 276
010258.06+471425.3  15.741954  47.240381 0.8414 21.133 0.106 20.530 0.024 20.126 0.021 20.077 0.032 19.752 0.088 0.088 0     8192 3366  20 6 122 1012 52913 1472 385
010300.63+462803.3  15.752638  46.467600 1.7087 19.559 0.036 19.363 0.021 19.222 0.012 18.871 0.015 18.802 0.051 0.051 0        4 3367  20 5 119  789 52883 1471 227
010319.88+452117.4  15.832838  45.354843 1.6570 19.701 0.030 19.478 0.012 19.273 0.014 19.014 0.015 18.962 0.041 0.041 0        4 3366  20 3 113  438 52913 1472 248
010331.12+460925.4  15.879694  46.157079 0.2189 19.423 0.030 19.042 0.015 18.552 0.010 18.120 0.012 17.851 0.023 0.023 1        4 3366  20 4 118   21 52883 1471 222
010339.18+473301.0  15.913265  47.550305 0.1979 18.250 0.019 18.030 0.010 17.632 0.009 16.894 0.015 17.338 0.018 0.018 0        4 3366  20 6 125   55 52883 1471 332
010339.88+461320.8  15.916181  46.222458 0.2060 20.771 0.068 20.348 0.022 19.698 0.016 19.215 0.017 18.799 0.045 0.045 1        4 3366  20 4 118  277 52913 1472 234
010409.04+470436.8  16.037700  47.076903 1.8811 19.562 0.053 19.213 0.017 19.087 0.024 18.881 0.023 18.951 0.061 0.061 0        4 3367  20 6 123  228 52913 1472 432
010441.33+462750.0  16.172238  46.463904 0.1830 19.159 0.026 18.992 0.014 18.602 0.010 18.196 0.011 18.063 0.028 0.028 1        4 3366  20 4 120  273 52883 1471 198
010531.52+473932.3  16.381362  47.658986 0.5098 18.809 0.025 18.380 0.010 18.298 0.010 18.036 0.012 17.976 0.024 0.024 0        4 3366  20 6 126  537 52883 1471 366
010558.50+453809.3  16.493784  45.635920 1.5343 19.167 0.026 18.916 0.018 18.596 0.010 18.372 0.011 18.376 0.039 0.039 0        4 3367  20 3 117  422 52883 1471 127
010606.42+471728.9  16.526783  47.291369 1.4412 19.811 0.035 19.637 0.015 19.344 0.014 19.192 0.018 19.077 0.049 0.049 0        4 3366  20 5 125  914 52883 1471 415
010614.83+470003.5  16.561800  47.000974 1.8070 18.761 0.029 18.602 0.022 18.374 0.014 18.081 0.018 18.024 0.034 0.034 0        4 3367  20 5 124  347 52913 1472 470
010703.47+453456.7  16.764499  45.582432 1.7245 19.776 0.035 19.427 0.014 19.185 0.013 18.813 0.012 18.666 0.035 0.035 0        4 3366  20 2 117  626 52913 1472 132
010708.47+452804.2  16.785317  45.467852 1.1637 19.004 0.022 18.962 0.012 18.578 0.011 18.578 0.011 18.736 0.036 0.036 0        4 3366  20 2 117  334 52913 1472  87
010727.82+472328.6  16.865955  47.391299 2.2850 19.865 0.036 19.236 0.012 19.139 0.011 18.986 0.028 18.676 0.034 0.034 0        4 3366  20 5 127  669 52913 1472 407
010754.83+473208.1  16.978473  47.535595 0.3805 18.588 0.020 18.383 0.010 18.226 0.009 18.143 0.010 17.897 0.020 0.020 1        4 3366  20 5 128  138 52913 1472 403
010757.61+463856.0  16.990065  46.648911 1.5869 20.292 0.073 19.855 0.030 19.630 0.023 19.330 0.022 19.311 0.087 0.087 0        4 3367  20 4 124  637 52913 1472 491
010759.91+464321.7  16.999663  46.722720 0.3061 20.279 0.072 20.130 0.033 19.544 0.022 19.211 0.020 18.701 0.059 0.059 1        4 3367  20 4 124  774 52883 1471 491
010802.92+464133.2  17.012197  46.692564 0.7588 19.731 0.053 19.222 0.028 18.902 0.019 18.715 0.016 18.461 0.050 0.050 0        4 3367  20 4 124  721 52913 1472 493
010828.95+455554.8  17.120638  45.931896 0.7200 19.397 0.030 19.112 0.013 19.130 0.013 19.192 0.017 19.222 0.054 0.054 0        4 3366  20 2 120  611 52913 1472 163
010907.79+465948.5  17.282491  46.996827 1.8629 19.400 0.037 19.067 0.016 18.748 0.018 18.267 0.036 18.159 0.040 0.040 0        4 3367  20 4 126  838 52913 1472 506
010913.89+465320.1  17.307877  46.888924 1.2201 18.371 0.026 18.162 0.012 17.765 0.015 17.694 0.035 17.724 0.031 0.031 0        4 3367  20 4 126  247 52913 1472 516
010920.67+472212.9  17.336133  47.370277 1.5831 19.854 0.041 19.599 0.014 19.412 0.013 19.042 0.015 18.991 0.055 0.055 0        4 3366  20 4 128  497 52883 1471 535
010933.05+474252.3  17.387719  47.714540 0.9045 19.775 0.043 19.532 0.015 19.098 0.017 19.067 0.021 18.858 0.052 0.052 0        4 3367  20 5 130  768 52913 1472 449
010933.10+473130.1  17.387920  47.525054 2.1470 20.520 0.079 20.059 0.032 19.552 0.072 19.209 0.022 18.667 0.042 0.042 0        4 3367  20 5 129  965 52913 1472 444
010935.21+453525.5  17.396723  45.590441 0.9306 20.011 0.038 19.642 0.016 19.194 0.014 19.075 0.019 18.912 0.043 0.043 0        4 3366  20 1 120  544 52913 1472  59
010959.46+460727.4  17.497771  46.124299 3.1157 20.847 0.078 18.785 0.010 18.628 0.012 18.448 0.012 18.250 0.027 0.027 0        4 3366  20 2 122  882 52883 1471 141
011001.69+464441.9  17.507042  46.744995 1.3309 19.309 0.028 18.745 0.010 18.425 0.009 18.324 0.010 18.365 0.031 0.031 0        4 3366  20 3 126   33 52913 1472 512
011005.58+474945.9  17.523262  47.829432 1.8827 19.743 0.042 19.589 0.018 19.484 0.020 18.952 0.022 18.879 0.059 0.059 0        4 3367  20 5 131  705 52883 1471 522
011016.81+475633.8  17.570053  47.942723 1.9138 19.710 0.034 19.564 0.016 19.394 0.014 19.135 0.018 19.096 0.046 0.046 0        4 3366  20 5 132   33 52883 1471 524
011045.00+475135.0  17.687527  47.859745 1.8272 19.889 0.051 19.727 0.017 19.672 0.027 19.297 0.024 19.323 0.082 0.082 0        4 3367  20 5 132  646 52883 1471 569
011055.76+462952.5  17.732355  46.497926 1.9009 19.352 0.032 19.195 0.036 19.152 0.061 18.721 0.018 18.501 0.046 0.046 0        4 3367  20 3 125  485 52913 1472 152
011102.96+463407.4  17.762337  46.568737 1.2155 19.620 0.041 19.384 0.024 18.908 0.048 18.962 0.022 19.026 0.061 0.061 0        4 3367  20 3 126  608 52883 1471 115
011103.96+462550.1  17.766500  46.430590 1.2216 19.421 0.031 19.363 0.012 18.984 0.012 18.873 0.013 18.878 0.043 0.043 0        4 3366  20 2 125  167 52883 1471 103
011114.28+462154.2  17.809531  46.365082 1.1207 18.088 0.018 17.443 0.008 17.104 0.008 17.076 0.008 17.033 0.016 0.016 0        4 3366  20 2 125  104 52883 1471 117
011141.54+462520.0  17.923088  46.422245 1.5806 19.007 0.025 18.687 0.010 18.400 0.010 18.164 0.009 18.167 0.026 0.026 0        4 3366  20 2 125  459 52883 1471 113
011216.44+474723.7  18.068508  47.789925 1.2219 18.318 0.019 18.090 0.008 17.772 0.010 17.701 0.012 17.744 0.022 0.022 0        4 3366  20 4 132  486 52883 1471 562
011233.85+472713.4  18.141044  47.453732 2.7506 21.912 0.280 20.412 0.027 20.091 0.032 20.213 0.050 19.979 0.200 0.200 0     8192 3367  20 4 131 1221 52883 1471 615
011259.30+455922.4  18.247095  45.989569 1.5480 19.667 0.031 19.276 0.014 18.872 0.013 18.629 0.014 18.613 0.037 0.037 0        4 3366  20 1 124  341 52883 1471  69
011325.53+471936.1  18.356405  47.326718 1.1423 19.461 0.032 19.368 0.011 19.007 0.010 18.848 0.015 18.909 0.045 0.045 0        4 3366  20 3 131  320 52883 1471 613
011334.59+464147.3  18.394154  46.696498 2.2516 19.876 0.040 19.364 0.013 19.296 0.016 19.221 0.017 18.993 0.045 0.045 0        4 3366  20 2 128  841 52883 1471 591
011337.32+454949.3  18.405512  45.830382 2.4649 20.131 0.053 19.440 0.036 19.157 0.020 19.166 0.020 18.860 0.052 0.052 0        4 3367  20 1 124  419 52883 1471   5
011432.83+472505.7  18.636812  47.418261 1.4921 19.793 0.036 19.619 0.015 19.301 0.014 19.018 0.015 18.893 0.045 0.045 1        4 3366  20 3 132 1048 52883 1471 610
011437.24+462825.2  18.655190  46.473684 0.8493 19.593 0.031 19.213 0.013 19.062 0.011 19.118 0.018 19.031 0.048 0.048 0        4 3366  20 1 128  213 52883 1471  33
011508.48+465722.8  18.785344  46.956352 0.2221 20.187 0.051 19.515 0.019 18.846 0.025 18.339 0.030 18.500 0.054 0.054 1        4 3366  20 2 131   58 52913 1472 624
011517.37+464611.0  18.822415  46.769731 0.3269 19.410 0.040 19.284 0.076 18.977 0.015 18.843 0.018 17.956 0.033 0.033 1        4 3367  20 2 130  300 52913 1472 634
011531.41+461105.5  18.880891  46.184884 0.8532 18.745 0.027 18.218 0.028 18.179 0.012 18.182 0.015 18.088 0.030 0.030 0        4 3367  20 1 128   86 52913 1472  30
011537.25+461416.4  18.905226  46.237907 1.2142 20.015 0.089 19.715 0.093 19.298 0.044 19.100 0.099 19.538 0.101 0.101 0        4 3367  20 1 128  211 52913 1472  22
011616.31+463635.7  19.067991  46.609922 1.0079 19.258 0.023 19.054 0.010 18.838 0.014 19.039 0.016 19.069 0.050 0.050 0        4 3366  20 1 130  213 52913 1472  32
012414.07+315031.2  21.058665  31.842021 1.9715 20.267 0.047 20.223 0.027 20.382 0.033 20.069 0.031 19.697 0.068 0.068 0   524288 4800  40 1 135  298 53711 2061 598
022617.34-001102.9  36.572252  -0.184149 2.4343 20.545 0.061 20.073 0.025 19.974 0.025 19.948 0.032 19.748 0.092 0.092 0        1 3384 137 3 613  159 54082 2636  52
024932.12-080814.9  42.383845  -8.137479 1.2819 23.935 1.369 24.652 0.840 25.593 0.844 23.403 0.857 22.334 1.018 1.018 1 34603008 1045   1 3  55  117 51901  457 313
044210.36-000112.4  70.543171  -0.020113 1.8268 20.203 0.040 20.013 0.018 19.897 0.021 19.635 0.026 19.518 0.069 0.069 0        0 1752   0 3 332  396 52263  797 346
044216.45+000905.4  70.568579   0.151511 2.7176 21.492 0.138 20.397 0.024 20.228 0.028 20.184 0.033 20.091 0.135 0.135 0        0  125   7 4 546  326 52263  797 352
044220.70-001601.8  70.586264  -0.267180 2.4107 20.428 0.058 19.936 0.021 19.685 0.020 19.756 0.024 19.642 0.079 0.079 0        0  125   7 3 546  314 52263  797 316
044305.62+003902.6  70.773429   0.650745 1.8741 20.732 0.060 20.227 0.021 20.042 0.025 19.590 0.026 19.614 0.074 0.074 0        0 1752   0 5 333  139 52263  797 336
044307.68-001106.8  70.782008  -0.185232 2.5469 21.471 0.109 20.387 0.024 20.154 0.024 20.000 0.028 19.744 0.083 0.083 0        0 1752   0 3 334  324 52263  797 319
044308.96-003011.6  70.787365  -0.503238 1.1947 20.602 0.066 20.570 0.026 20.247 0.029 20.203 0.031 20.015 0.098 0.098 0        0 1752   0 2 334  354 52263  797 303
044310.09+000933.3  70.792081   0.159255 1.3965 20.363 0.055 20.249 0.026 20.128 0.026 19.986 0.030 20.293 0.173 0.173 0        0  125   7 4 547  396 52263  797 343
044326.43+005238.4  70.860138   0.877338 1.6184 20.388 0.059 20.104 0.024 20.063 0.024 19.843 0.031 19.753 0.097 0.097 0        0  125   7 6 548  266 52263  797 328
044335.52+001557.7  70.898000   0.266044 0.8881 20.110 0.043 19.550 0.020 19.221 0.019 19.136 0.019 18.903 0.050 0.050 0        0 1752   0 4 334  305 52263  797 360
044353.57-003855.5  70.973233  -0.648769 1.0849 20.001 0.047 19.899 0.028 19.549 0.020 19.572 0.022 19.560 0.081 0.081 0        0  125   7 2 549  329 52263  797 263
044355.05+010431.6  70.979401   1.075459 0.4226 20.590 0.066 19.984 0.020 19.871 0.022 19.555 0.023 19.252 0.064 0.064 0        0 1752   0 6 335  332 52263  797 321
044420.06+001348.6  71.083607   0.230167 2.3554 20.991 0.083 20.142 0.020 19.895 0.021 19.755 0.024 19.452 0.084 0.084 0        0 1752   0 4 336  404 52263  797 393
044428.89-011014.7  71.120402  -1.170751 1.6537 20.573 0.068 20.323 0.027 20.164 0.026 19.820 0.032 19.707 0.098 0.098 0        0  125   7 1 550  280 52263  797 281
044435.87-003517.8  71.149466  -0.588283 2.8978 21.302 0.118 20.245 0.020 20.065 0.026 20.028 0.028 19.957 0.103 0.103 0        0 1752   0 2 336  446 52263  797 264
044441.70+002928.0  71.173791   0.491136 2.3936 20.277 0.055 19.760 0.021 19.857 0.022 19.823 0.029 19.600 0.083 0.083 0        0  125   7 5 550  318 52263  797 388
044443.96-004834.4  71.183199  -0.809574 1.7998 20.458 0.070 20.406 0.027 20.355 0.031 20.034 0.033 20.142 0.140 0.140 0        0  125   7 2 550  379 52263  797 298
044449.90-004522.8  71.207957  -0.756336 0.9753 20.179 0.057 20.194 0.024 19.978 0.024 20.033 0.032 19.860 0.107 0.107 0        0  125   7 2 550  398 52263  797 296
044451.16-010351.8  71.213168  -1.064391 1.5039 20.596 0.072 20.251 0.025 19.896 0.021 19.622 0.028 19.524 0.082 0.082 0        0  125   7 1 550  340 52263  797 284
044455.30-003018.5  71.230424  -0.505155 1.7573 20.433 0.061 20.385 0.022 20.260 0.028 19.886 0.026 19.563 0.073 0.073 0        0 1752   0 2 336  514 52263  797 262
044456.77-004846.4  71.236542  -0.812910 2.0617 20.411 0.068 20.212 0.025 20.109 0.027 19.638 0.026 19.355 0.069 0.069 0        0  125   7 2 550  416 52263  797 244
044456.92-000809.3  71.237189  -0.135926 2.3953 20.974 0.077 20.326 0.024 20.342 0.030 20.269 0.034 20.001 0.112 0.112 0        0 1752   0 3 337  366 52263  797 271
044458.12-010907.6  71.242181  -1.152118 1.0774 19.974 0.045 19.883 0.021 19.691 0.019 19.625 0.029 19.733 0.089 0.089 0        0  125   7 1 550  359 52263  797 242
044502.49-005623.1  71.260406  -0.939758 1.7902 20.357 0.050 20.039 0.023 19.981 0.022 19.701 0.027 19.595 0.081 0.081 0        0 1752   0 1 337  235 52263  797 248
044508.00+001051.7  71.283369   0.181044 2.2424 20.625 0.076 20.092 0.020 19.951 0.025 19.909 0.030 19.908 0.129 0.129 0        0  125   7 4 551  314 52263  797 383
044516.14+001831.9  71.317288   0.308872 0.6425 20.794 0.075 20.336 0.023 20.404 0.025 19.952 0.027 19.732 0.107 0.107 0        0 1752   0 4 337  367 52263  797 381
044534.87-001921.6  71.395315  -0.322685 1.2396 20.328 0.060 20.282 0.023 20.041 0.024 20.073 0.034 20.065 0.120 0.120 0        0  125   7 3 551  359 52263  797 227
044538.99-010138.4  71.412479  -1.027361 1.7914 20.080 0.042 20.013 0.022 20.023 0.024 19.726 0.032 19.705 0.090 0.090 0        0 1752   0 1 338  356 52263  797 258
044539.77-010901.6  71.415730  -1.150447 1.7907 20.364 0.068 20.391 0.027 20.424 0.031 20.145 0.042 19.851 0.103 0.103 0        0  125   7 1 552  209 52263  797 254
044546.56-010331.0  71.444017  -1.058623 1.8366 20.333 0.063 20.329 0.026 20.254 0.028 19.969 0.036 20.151 0.128 0.128 0        0  125   7 1 552  217 52263  797 249
044600.25-000520.9  71.501042  -0.089154 1.2569 20.449 0.054 20.268 0.022 20.053 0.021 19.951 0.029 19.805 0.092 0.092 0        0 1752   0 3 338  397 52263  797 431
044617.41+000301.9  71.572578   0.050554 0.7546 20.701 0.080 20.143 0.019 19.926 0.022 19.768 0.030 19.671 0.095 0.095 0        0  125   7 4 553  322 52263  797 432
044618.06-000034.9  71.575274  -0.009716 0.9160 20.590 0.059 20.398 0.029 20.196 0.026 20.277 0.036 20.438 0.158 0.158 0        0 1752   0 3 339  347 52263  797 440
044627.55-005024.2  71.614833  -0.840074 2.8500 20.372 0.052 19.504 0.020 19.388 0.017 19.344 0.019 19.313 0.062 0.062 0        0 1752   0 1 339  327 52263  797 215
044628.61+001509.3  71.619224   0.252606 2.8411 21.450 0.143 20.215 0.021 20.035 0.021 19.926 0.028 19.788 0.112 0.112 0        0 1752   0 4 339  374 52263  797 472
044635.59+010916.5  71.648315   1.154610 1.3315 20.157 0.051 20.063 0.020 19.811 0.020 19.828 0.032 19.753 0.098 0.098 0        0 1752   0 6 339  358 52263  797 368
044638.06-001654.5  71.658598  -0.281828 0.7753 20.848 0.088 20.337 0.025 20.208 0.029 20.311 0.043 20.062 0.109 0.109 0        0  125   7 3 553  290 52263  797 188
044653.93-005446.4  71.724736  -0.912905 3.1857 21.051 0.089 19.904 0.023 19.621 0.021 19.496 0.026 19.612 0.084 0.084 0        0 1752   0 1 340  316 52263  797 219
044654.05-010910.4  71.725217  -1.152913 0.5747 20.490 0.064 19.860 0.022 19.853 0.021 19.494 0.026 19.581 0.077 0.077 0        0  125   7 1 554  241 52263  797 206
044702.97+005432.2  71.762403   0.908951 1.5644 20.026 0.048 19.788 0.020 19.491 0.020 19.222 0.026 19.077 0.052 0.052 0        0  125   7 6 554  276 52263  797 418
044707.03+002911.6  71.779324   0.486580 1.5064 20.492 0.060 20.083 0.023 19.784 0.022 19.541 0.027 19.373 0.059 0.059 0        0  125   7 5 554  299 52263  797 470
044709.96-000705.5  71.791525  -0.118214 1.4880 19.969 0.039 19.878 0.022 19.754 0.018 19.568 0.024 19.801 0.093 0.093 0        0 1752   0 3 340  432 52263  797 475
044711.71+002413.8  71.798828   0.403841 2.5362 21.088 0.097 20.385 0.027 20.391 0.027 20.396 0.043 20.054 0.143 0.143 0        0 1752   0 4 340  432 52263  797 469
044719.68-000859.5  71.832004  -0.149867 2.5474 21.154 0.094 20.547 0.030 20.449 0.034 20.257 0.038 20.187 0.128 0.128 0        0 1752   0 3 341  366 52263  797 195
044731.14-004538.7  71.879782  -0.760764 2.4176 20.443 0.061 19.686 0.020 19.493 0.026 19.474 0.026 19.358 0.062 0.062 0        0  125   7 2 555  261 52263  797 122
044742.14-005455.4  71.925607  -0.915397 1.5398 20.039 0.038 19.997 0.021 19.831 0.023 19.656 0.031 19.755 0.091 0.091 0        0 1752   0 1 341  357 52263  797 126
044743.30-005753.8  71.930430  -0.964957 1.4346 19.947 0.039 19.768 0.018 19.757 0.022 19.654 0.031 19.815 0.097 0.097 0        0 1752   0 1 341  359 52263  797 128
044744.12-000324.9  71.933834  -0.056944 1.5785 20.390 0.055 19.985 0.023 19.673 0.026 19.477 0.024 19.431 0.067 0.067 0        0 1752   0 3 341  401 52263  797 498
044746.91-001644.8  71.945499  -0.279129 2.0348 19.833 0.040 19.811 0.021 19.820 0.024 19.637 0.026 19.557 0.073 0.073 0        0  125   7 3 555  314 52263  797 164
044756.13+002209.8  71.983901   0.369409 2.8658 21.341 0.119 20.306 0.022 20.030 0.024 20.010 0.031 19.983 0.134 0.134 0        0 1752   0 4 342  369 52263  797 490
044810.23+000825.4  72.042640   0.140400 1.5555 20.225 0.049 19.868 0.018 19.644 0.021 19.339 0.022 19.385 0.075 0.075 0        0  125   7 4 556  313 52263  797 491
044810.28-002620.7  72.042871  -0.439090 0.7805 20.211 0.059 19.688 0.022 19.668 0.017 19.657 0.023 19.398 0.066 0.066 0        0 1752   0 2 342  327 52263  797 174
044815.37-002143.7  72.064079  -0.362152 3.0884 23.446 0.679 20.353 0.025 19.992 0.025 19.859 0.029 19.814 0.096 0.096 0        0  125   7 3 556  524 52263  797 172
044815.84-011116.6  72.066001  -1.187958 1.2514 19.845 0.036 19.830 0.025 19.622 0.020 19.623 0.027 19.774 0.096 0.096 0        0  125   7 1 556  290 52263  797  98
044833.83-003152.8  72.140965  -0.531338 1.4452 20.420 0.063 20.341 0.024 20.086 0.024 19.952 0.028 20.283 0.143 0.143 0        0 1752   0 2 343  332 52263  797 163
044841.69-002539.1  72.173709  -0.427542 2.0491 20.188 0.053 19.901 0.019 19.847 0.020 19.628 0.023 19.563 0.078 0.078 0        0 1752   0 2 343  362 52263  797 160
044849.83-000439.8  72.207651  -0.077738 2.2287 20.381 0.053 19.900 0.020 19.723 0.020 19.633 0.028 19.505 0.079 0.079 0        0 1752   0 3 343  381 52263  797 520
044850.13+003838.7  72.208879   0.644108 0.8926 20.342 0.049 19.513 0.019 19.211 0.017 19.139 0.019 18.939 0.047 0.047 0        0 1752   0 5 343  293 52263  797 453
044854.71-011404.1  72.227967  -1.234496 0.9493 20.075 0.045 19.966 0.023 19.748 0.025 19.852 0.032 19.920 0.113 0.113 0        0  125   7 1 557  325 52263  797  83
044912.43+003556.1  72.301810   0.598941 1.0987 20.527 0.063 20.402 0.028 20.064 0.027 20.083 0.035 20.240 0.134 0.134 0        0  125   7 5 557  461 52263  797 460
044912.91+010730.5  72.303802   1.125166 0.9529 19.849 0.042 19.680 0.020 19.518 0.020 19.596 0.031 19.386 0.067 0.067 0        0 1752   0 6 344  329 52263  797 442
044913.08+005821.1  72.304538   0.972546 0.7616 20.102 0.051 19.689 0.019 19.537 0.022 19.640 0.029 19.269 0.064 0.064 0        0  125   7 6 557  335 52263  797 457
044915.09-002606.0  72.312892  -0.435001 0.8744 20.055 0.050 19.633 0.018 19.586 0.017 19.675 0.023 19.402 0.067 0.067 0        0 1752   0 2 344  386 52263  797 146
044918.07+000912.9  72.325326   0.153607 0.9823 20.463 0.062 20.363 0.024 20.253 0.033 20.313 0.036 20.078 0.142 0.142 0        0  125   7 4 558  334 52263  797 507
044921.36+005805.9  72.339031   0.968309 2.6225 21.190 0.119 20.219 0.023 19.895 0.027 19.765 0.031 19.477 0.078 0.078 0        0  125   7 6 558  357 52263  797 455
044922.54-005238.7  72.343917  -0.877433 1.7621 20.284 0.053 19.937 0.022 19.671 0.022 19.264 0.024 19.259 0.059 0.059 0        0 1752   0 1 344  320 52263  797  91
044923.24-011053.0  72.346861  -1.181397 1.5477 20.196 0.052 19.791 0.022 19.435 0.025 19.070 0.023 18.910 0.048 0.048 0        0  125   7 1 558  280 52263  797  84
044926.41+001217.6  72.360073   0.204891 2.1480 20.386 0.060 20.208 0.022 20.141 0.031 20.014 0.029 19.604 0.096 0.096 0        0  125   7 4 558  350 52263  797 509
044932.61+011109.7  72.385906   1.186053 2.2154 20.602 0.075 20.355 0.027 20.400 0.032 20.264 0.047 20.129 0.138 0.138 0        0 1752   0 6 344  370 52263  797 527
044932.77-005044.0  72.386549  -0.845563 0.7462 20.398 0.056 19.958 0.022 19.782 0.023 19.435 0.025 19.196 0.056 0.056 0        0 1752   0 1 344  360 52263  797  56
044934.95-002908.1  72.395660  -0.485587 0.8579 20.355 0.063 20.203 0.023 20.130 0.024 20.263 0.035 20.081 0.116 0.116 0        0 1752   0 2 344  114 52263  797 149
044935.31+001807.8  72.397164   0.302172 0.8072 20.297 0.058 19.846 0.026 19.655 0.020 19.660 0.025 19.253 0.073 0.073 0        0 1752   0 4 344  385 52263  797 516
044935.42+001957.6  72.397600   0.332680 1.5163 20.276 0.057 20.042 0.027 19.951 0.023 19.644 0.025 19.601 0.097 0.097 0        0 1752   0 4 344  386 52263  797 510
044944.17-004523.1  72.434064  -0.756421 1.4291 19.702 0.038 19.617 0.024 19.351 0.018 19.270 0.019 19.369 0.067 0.067 0        0  125   7 2 558  448 52263  797  55
044948.97+010332.3  72.454052   1.058995 1.2952 20.426 0.062 20.296 0.024 19.978 0.028 19.904 0.036 19.732 0.104 0.104 0        0  125   7 6 558  408 52263  797 524
045003.25-002351.2  72.513581  -0.397577 1.5658 20.079 0.046 19.856 0.019 19.665 0.022 19.399 0.024 19.433 0.071 0.071 0        0  125   7 3 559  390 52263  797 111
045003.76-005951.2  72.515681  -0.997582 2.1852 20.694 0.074 20.281 0.031 20.182 0.027 20.028 0.035 19.756 0.095 0.095 0        0 1752   0 1 345  362 52263  797  43
045022.47+000451.0  72.593664   0.080834 2.4181 21.061 0.102 20.382 0.024 20.542 0.035 20.364 0.039 19.989 0.124 0.124 0        0  125   7 4 559  413 52263  797 560
045024.11+010126.5  72.600487   1.024038 0.9269 20.368 0.063 20.069 0.025 19.777 0.025 19.607 0.031 19.154 0.061 0.061 0        0  125   7 6 559  326 52263  797 525
045026.81+004842.9  72.611744   0.811944 1.5694 19.980 0.040 19.769 0.020 19.805 0.020 19.624 0.034 19.618 0.081 0.081 0        0 1752   0 5 346  356 52263  797 522
045030.91-003351.8  72.628829  -0.564389 1.1479 19.953 0.048 19.632 0.026 19.293 0.019 19.167 0.022 19.080 0.052 0.052 0        0 1752   0 2 346  360 52263  797 114
045037.03-010748.8  72.654316  -1.130225 2.1209 20.560 0.070 20.416 0.030 20.345 0.039 20.160 0.041 19.726 0.093 0.093 0        0  125   7 1 560  319 52263  797  57
045037.66+004055.6  72.656922   0.682116 0.9400 20.224 0.048 20.117 0.023 19.966 0.022 20.078 0.043 19.781 0.093 0.093 0        0 1752   0 5 346  374 52263  797 576
045044.10-005639.4  72.683777  -0.944282 1.6783 20.278 0.052 20.063 0.042 19.939 0.024 19.614 0.028 19.496 0.077 0.077 0        0 1752   0 1 346  374 52263  797  49
045044.87-001843.7  72.686960  -0.312140 2.5329 20.397 0.060 19.580 0.017 19.485 0.020 19.374 0.023 19.163 0.054 0.054 0        0  125   7 3 560  411 52263  797 120
045050.43+001800.8  72.710131   0.300226 2.5249 20.406 0.058 19.744 0.018 19.503 0.020 19.472 0.028 19.129 0.070 0.070 0        0 1752   0 4 346  444 52263  797 545
045050.65+003551.4  72.711069   0.597634 0.6194 20.259 0.054 19.563 0.017 19.533 0.018 19.350 0.022 19.391 0.062 0.062 0        0  125   7 5 560  356 52263  797 579
045057.26+001300.5  72.738614   0.216813 1.2580 20.453 0.066 20.100 0.022 19.873 0.024 19.809 0.027 19.803 0.106 0.106 0        0  125   7 4 560  367 52263  797 544
045100.08-005223.2  72.750360  -0.873130 1.4417 19.518 0.031 19.509 0.017 19.269 0.022 19.138 0.025 19.080 0.055 0.055 0        0 1752   0 1 347  299 52263  797  58
045105.03+011004.1  72.770964   1.167812 1.2415 19.972 0.046 19.907 0.022 19.635 0.019 19.628 0.035 19.490 0.085 0.085 0        0 1752   0 6 347  358 52263  797 565
045105.13-010000.8  72.771396  -1.000227 1.0469 20.153 0.041 20.040 0.023 19.787 0.026 19.818 0.035 19.883 0.108 0.108 0        0 1752   0 1 347  310 52263  797  51
045110.65-003300.4  72.794389  -0.550124 0.9446 20.682 0.082 20.522 0.029 20.228 0.031 20.215 0.038 19.985 0.114 0.114 0        0 1752   0 2 347  391 52263  797 103
045114.00+011211.0  72.808335   1.203065 1.3325 19.793 0.040 19.829 0.021 19.661 0.019 19.649 0.035 19.934 0.126 0.126 0        0 1752   0 6 347  368 52263  797 563
045122.66-002511.7  72.844441  -0.419925 2.8500 21.635 0.181 20.398 0.027 20.172 0.033 19.904 0.032 19.881 0.106 0.106 0        0 1752   0 2 347  101 52263  797  71
045123.41+000246.8  72.847554   0.046343 2.3163 20.804 0.096 20.252 0.025 19.957 0.025 19.839 0.029 19.607 0.088 0.088 0        0  125   7 4 561  442 52263  797 549
045136.67+010529.4  72.902830   1.091513 1.0940 20.619 0.077 20.361 0.023 20.116 0.029 20.071 0.040 20.123 0.139 0.139 0        0 1752   0 6 348  338 52263  797 614
045139.01+002639.5  72.912559   0.444329 0.9736 20.041 0.045 20.125 0.024 20.006 0.024 20.147 0.038 19.876 0.093 0.093 0        0  125   7 5 562  318 52263  797 615
045147.53-000934.2  72.948042  -0.159517 0.5943 20.690 0.068 20.153 0.022 20.228 0.027 19.949 0.031 19.665 0.088 0.088 0        0 1752   0 3 348  299 52263  797  75
045210.80+000846.6  73.045020   0.146302 1.7265 20.140 0.051 19.993 0.020 19.993 0.022 19.888 0.029 19.899 0.118 0.118 0        0  125   7 4 562  442 52263  797 587
045221.00+000842.4  73.087537   0.145114 1.4379 20.215 0.052 20.070 0.022 19.859 0.023 19.808 0.029 19.554 0.089 0.089 0        0  125   7 4 563  358 52263  797 584
045237.82+000136.5  73.157604   0.026815 2.6689 20.868 0.086 20.339 0.025 20.207 0.027 20.213 0.036 20.493 0.206 0.206 0        0  125   7 4 563  211 52263  797 623
045244.53-001508.1  73.185565  -0.252263 2.6411 20.465 0.060 19.775 0.019 19.661 0.022 19.551 0.024 19.375 0.066 0.066 0        0  125   7 3 563  353 52263  797  77
045244.74-004822.2  73.186434  -0.806187 2.7483 20.329 0.059 19.572 0.022 19.337 0.022 19.151 0.022 19.048 0.052 0.052 0        0  125   7 2 563  381 52263  797   8
045252.74-003427.5  73.219765  -0.574316 1.5803 19.765 0.053 19.534 0.018 19.434 0.023 19.183 0.022 19.068 0.050 0.050 0        0 1752   0 2 350  342 52263  797  24
045253.42-004330.6  73.222607  -0.725173 1.3182 19.778 0.042 19.744 0.022 19.494 0.018 19.366 0.025 19.498 0.072 0.072 0        0  125   7 2 564  317 52263  797  10
045259.55-002550.2  73.248126  -0.430631 2.1869 20.591 0.086 20.100 0.068 19.952 0.150 19.804 0.218 19.789 0.301 0.301 0        0 1752   0 2 350  290 52263  797  22
045301.89-000430.3  73.257890  -0.075089 0.5489 20.383 0.064 20.079 0.063 20.071 0.027 19.802 0.033 19.475 0.076 0.076 0        0 1752   0 3 350   57 52263  797 621
045312.38+002324.5  73.301610   0.390145 2.0740 20.352 0.060 20.094 0.029 19.905 0.021 19.694 0.027 19.473 0.092 0.092 0        0 1752   0 4 350  353 52263  797 628
084648.03+451258.7 131.700151  45.216314 0.5733 20.760 0.074 20.469 0.023 20.733 0.039 20.912 0.052 20.973 0.224 0.224 0 34603008 2137   0 2 212  274 52235  763 141
135241.42+214959.6 208.172624  21.833233 0.1481 20.538 0.079 18.607 0.021 17.866 0.020 17.495 0.017 17.074 0.032 0.032 1       66 5194  40 6 606  116 54524 2783 127
154751.68+495620.6 236.965353  49.939071 1.1049 21.499 0.133 20.511 0.022 19.972 0.022 19.719 0.024 19.459 0.076 0.076 1        3 2326   0 4 269  113 52401  796  23
173513.01+443200.6 263.804240  44.533522 2.8227 20.915 0.080 19.885 0.017 19.736 0.019 19.663 0.020 19.595 0.062 0.062 0     8192 5416  40 4  51  631 54599 2820 516
212714.00-073656.2 321.808370  -7.615635 0.8930 21.191 0.101 19.194 0.019 18.426 0.014 17.890 0.016 17.408 0.023 0.023 1  3145748 1737   0 3  98  200 52178  640 142
223141.73-092306.7 337.923897  -9.385219 0.5956 22.069 0.310 20.672 0.035 20.100 0.027 19.884 0.029 19.691 0.090 0.090 1  1048578 1659   2 2 219  183 52228  721 141
232310.06+011558.7 350.791937   1.266320 1.1722 -9.999 9.999 -9.999 9.999 -9.999 9.999 -9.999 9.999 -9.999 9.999 9.999 1 34603008   94   7 6 106  177 52200  680 445
233426.56+011554.4 353.610672   1.265137 2.9669 -9.999 9.999 -9.999 9.999 -9.999 9.999 -9.999 9.999 -9.999 9.999 9.999 1 16777216 1033  20 6 244  112 52993 1486 574
234653.37-102857.6 356.722410 -10.482683 0.1859 19.949 0.051 19.633 0.026 19.331 0.022 19.242 0.025 19.191 0.073 0.073 0     5124 1891   0 2  78   84 52559  648 141
235150.32+003740.5 357.959686   0.627923 1.3566 18.896 0.023 18.876 0.009 18.867 0.011 18.531 0.013 18.410 0.034 0.034 0        4  125   4 5  61  110 51788  386 488
