J003159.87+063518.8   5.4   4  334 124  457 268   6.9   4 -128   6  465 203 0 0.58 10
J014933.86+143142.6   4.7   2  959  55  260  97  18.7   4  319  57  731 209 0 1.25 42
J015325.74+145233.4  28.3   8  504  49  403 119  33.9  11 -176  68  585 249 0 0.70 32
J021648.36-092534.3   7.0   2  930  35  245  50  34.9   5  184  41  802 131 0 0.65 43
J021703.10-091031.1  16.4   4  871  35  364  86  28.0   5  155  51  671 156 0 0.82 30
J034222.54-055727.9  23.8   6  746  73  641 206  24.4   6 -136  83  682 176 0 0.90 85
J035230.55-071102.3 149.1 100  690 270  933 267 244.1 108  -15 110  788 185 0 0.72 79
J073408.62+411901.1  10.8   4  589  81  364 214  20.1   5  -11  68  469 151 0 1.95 35
J074242.18+374402.0   9.9   5  198  34  236 125  10.3   4 -116  30  209  74 1 0.81 33
J074641.70+352645.6  38.9  22 1070 327 1306 476  22.8  21  124 254  961 373 0 0.84 58
J080849.23+400918.7  22.2  15  230 169  577 353  37.7  14 -427 111  602 193 0 0.70 63
J081006.90+145333.2   9.3   2 1827  37  319 128  61.4   6  524  49 1256 143 0 0.58 92
J081017.41+334745.5  19.5   6  202  62  407 126  25.2   7 -309  53  435 127 0 0.64 35
J081409.21+323731.9  17.1   2  814  11  215  51  31.8   5  117  42  574 101 0 1.09 85
J081921.79+444854.4  11.9   3 1583  44  331  97  58.6   7  347  67 1345 164 0 1.21 89
J082352.90+203700.7  10.3   3  371  27  173  64  23.0   4   16  38  350  74 0 0.99 77
J082908.30+332150.8   9.6   3 1148  53  388 137  39.1   5  160  52  931 128 0 0.76 63
J085118.18+070048.5   5.1   3  393  55  134  89  37.7   7  -38  63  668 133 0 1.17 45
J085147.00+073053.7  29.2  10  903 116  603 153  36.6  12  289  67  538 173 0 0.65 55
J085432.74+354650.8  19.3   8  834  65  460 194  46.0   8  -14  67  875 174 0 1.40 61
J085602.95+503119.9  22.7  17  439 201  541 267  18.5  16   92  44  276 118 0 1.35 46
J085850.00+255146.0  31.1   5  220  39  528 134   6.3   2 -328  46  204  72 0 1.10 55
J090916.08+163522.5  45.9  42  611 326  856 732  28.5  34   63  49  405 166 0 0.73 44
J092620.48+324319.9  62.4  16 1670 102  697 236  71.1  17  619  96  712 241 0 1.26 57
J093036.24+383228.8   8.7   5  547  35  181 102  34.4   9   30  95  770 231 0 0.87 60
J094855.34+403944.6  25.1   7  229  53  358 122  27.8   8 -254  46  360 131 0 0.84 49
J095015.77+230255.5  33.1   8 1439 177 1375 330  16.9   7  141 144  798 268 0 0.73 89
J095206.38+235245.2  43.0   6  732  40  725 114  12.7   4   17  41  339 135 0 0.36 35
J103651.66+065649.6  25.4   5  835  68  742 206  21.4   4  -38  61  585 121 0 0.61 78
J104815.78+084034.7  12.9   3  112  47  339  96  10.3   2 -582  38  229 102 0 0.97 62
J105021.18+602808.3  14.2   4  460  62  422 147  12.7   3  -15  35  263  63 0 1.20 42
J105035.57+190544.2   6.5   4  404  78  253  98  14.1  11  -30  72  432 233 1 0.57 55
J105606.94+292849.7  14.7   8  578  57  337 192  19.5  10   45 102  578 411 0 1.03 59
J105817.90+195150.9  26.5  15  614  48  431 171 102.8   3   34  34  766  63 0 0.58 34
J111332.53+171002.5  31.8   6  380  68  865 169   7.9   3 -248  53  330 101 0 0.71 55
J111645.29+301644.9  27.8   5  367  42  531 124  11.2   3 -209  44  294  88 0 1.06 78
J112405.28+380418.5  71.2  18  416 122 1583 353   9.4   6 -403  61  343 140 0 1.06 65
J112439.72+002419.6  12.2   3  260  33  273  75   7.3   2  -92  49  253 100 0 1.36 72
J113811.59+382119.5  24.0   9  242  79  607 332   7.6   5 -296  82  271 132 0 1.27 59
J115129.37+382552.3  12.7   5 1220  13  227  47 100.5  22  243  72 1160 256 0 0.85 54
J115139.68+335541.4  12.9   3  585  41  291  95  32.9   5   25  33  467  84 0 1.00 62
J115436.80+142817.7  21.1   6  680  87  692 228  20.2   6 -213  70  606 227 0 0.77 62
J115542.53+021411.0  18.0   5  357  49  342 119  18.6   5  -60  33  275  98 0 0.83 33
J120542.23+064024.1  14.6   6  636  91  364 147  25.5   8  102  57  402 139 0 1.30 48
J120618.52+673426.3  18.4   6  981  41  330 110  55.2  13   53 101 1155 323 0 1.02 56
J120853.62+170001.5  18.8  17  868 155  279 514  39.0  14   97 104  609 354 0 0.75 60
J121413.55+052254.3  11.6   6  924  79  290 112 140.2  23  -85  60 1353 240 0 0.76 66
J121418.43+263932.3  18.3   5  806 106  709 208  18.6   5   29  49  462 130 0 0.81 61
J122014.17+122019.7  13.5   4 1268  72  560 242  15.0   4  386  86  621 206 0 0.58 61
J123252.73+301523.4  43.0  18 1210 162 1212 509  55.7  13    9 109 1034 208 0 0.73 68
J124030.18+441349.2  16.7   5 1045  87  641 217  27.1   5  163  87  807 153 0 0.45 63
J124419.58+630453.6  42.3  14  988  88  512 176  79.0  20  100  67  760 254 0 0.88 67
J124519.96+072514.0  13.4   4 1290  43  291 107  42.8   8  331  84 1042 224 0 0.90 58
J124902.54+171454.8  26.0  14 1244  63  472 141  91.5  33  200 152 1542 571 0 0.52 69
J125939.54+140724.7  15.8   6 1035 114  629 278  39.5   9    0  65  823 229 0 1.02 46
J130212.56+524119.2  17.5   6 1011  73  560 274  18.6   5   88  86  591 167 0 0.87 46
J131103.69+394703.9  20.3   4   41  57  652 199   6.1   2 -493  28  183  48 0 0.58 54
J131520.94+315921.7  28.3  13 1445 133  738 367  73.7  13  161 128 1274 242 0 0.48 73
J132719.41+614136.0  14.5   3  944  39  376  95  24.6   4  383  31  464 104 0 0.48 23
J132751.21+061751.5  42.2  32 1190 279 1143 950  58.7  28  148 116  786 203 0 0.66 34
J133815.17+343908.0  25.5   7  879  55  448 182  33.9   8   79  80  674 178 0 1.44 58
J133823.15+261353.4  13.5   3 2387  75  644 127  67.3   7  721  44 1315 132 0 0.53 73
J134213.26+602142.9  19.0   6  592  30  329  84  54.1  12    8  61  826 167 0 0.67 23
J134812.78+663935.5   8.4   3  695  48  282 109  22.9   4   -6  62  668 159 0 0.85 60
J135559.88+260039.0  44.7  19  259  43  328 114  62.6  15 -215  47  479 127 0 0.78 60
J141044.87+010735.4  11.7   5  609  30  211  73  23.8   6  232  52  434 150 0 0.49 56
J143748.58+243906.3  38.3   7  188  31  405 105  10.1   4 -189  31  158  71 0 1.15 55
J145103.23+114108.5  10.8   3  428  29  213  67  28.3   4  -21  25  372  74 0 1.25 54
J145659.27+503805.4   8.4   5  512  47  206 186  40.9   7   27  42  453  87 0 1.19 83
J145855.01+115654.7  26.1   4  362  35  492  89  21.0   4 -274  33  411  87 0 0.75 36
J150016.74+075852.0  12.1   5 1049 145  600 198  12.3   5  260 162  691 324 0 1.15 78
J150222.10+000933.1   9.2   9  543  74  309 174  24.8  12   67 120  641 383 0 1.07 56
J150243.93+281739.9   8.8   4  230  29  152  54  16.3   5  -20  19  169  48 1 0.59 48
J150940.68+571811.8  38.8   6   78  46  658 152  14.9   4 -610  42  293  90 0 0.91 65
J151230.31+593753.4  21.3  12  692  96  540 160  74.8  15   10  67  817 183 0 1.10 77
J151844.75+461855.1  24.2   4  129  44  505  99  13.2   3 -483  44  330  77 0 0.75 56
J160325.52+521222.4  23.4   9  429  54  344 143  71.3   9  -34  27  417  55 0 1.05 62
J160839.09+354226.5  40.1  10 1581 106  839 222 123.3  13  229  41  998 112 0 0.71 68
J184044.99+404237.0  15.8   4  801  37  309  94  64.3   7 -102  33  709  87 0 1.20 59
J210225.32-004841.8  15.6   5  849 111  662 236  26.9   4   60  32  428  81 0 0.87 41
