FCG J000330.7+002756   00 03 31.218  +00 28 04.25   1.12    c  00 03 30.731 +00 27 56.09 000455                      wat
FCG J002042.0-112103   00 20 41.243  -11 21 07.36   0.95    v  00 20 42.045 -11 21 03.42 002611                      nat dd?, ring nearby
FCG J004012.8+012542   00 40 13.004  +01 26 03.05   1.99    v  00 40 12.891 +01 25 42.06 004994                      wat dd?
FCG J004150.2-092548   00 41 51.461  -09 25 47.99   0.64    v  00 41 50.271 -09 25 48.92 005236                      nat dd
FCG J004152.1+002837   00 41 51.586  +00 28 36.22   0.80    v? 00 41 52.109 +00 28 37.37 005238                      nat
FCG J005602.6-012004   00 56 01.880  -01 20 25.26   0.92    v  00 56 02.666 -01 20 04.82 007000                      nat prototypical 0053-015 in A119
FCG J010236.5-005007   01 02 36.812  -00 50 00.99   0.94    c  01 02 36.579 -00 50 07.69 007807                      wat int starwars, first system of group
FCG J010242.4-005032   01 02 41.686  -00 50 27.71   1.16    c  01 02 42.429 -00 50 32.98 007807                      wat int starwars, second system of group
FCG J010403.0-002440   01 04 04.046  -00 24 32.84   0.76    v  01 04 03.040 -00 24 40.94 007991                      nat
FCG J011425.5+002932   01 14 25.792  +00 29 36.77   1.05    c  01 14 25.594 +00 29 32.59 009186                      wat
FCG J011900.1-100346   01 19 01.539  -10 03 29.08   1.09    c? 01 19 00.162 -10 03 46.55 009752                      nat
FCG J012947.0+004633   01 29 47.629  +00 46 32.61   0.95    c  01 29 47.038 +00 46 33.45 011039                      wat bifurcation
FCG J013134.5+003341   01 31 34.481  +00 33 33.12   1.35    v? 01 31 34.533 +00 33 41.77 011265                      wat distorted, core id ambiguous
FCG J013247.1+011545   01 32 46.834  +01 15 54.77   1.49    c  01 32 47.163 +01 15 45.45 011430                      nat
FCG J021052.2-063333   02 10 52.275  -06 33 35.99   1.26    v  02 10 52.223 -06 33 33.63 017193                      nat distorted int
FCG J021234.9-082042   02 12 35.093  -08 20 39.80   0.54    v  02 12 34.934 -08 20 42.16 017581                      nat mg
FCG J021619.7-024433   02 16 21.563  -02 44 15.61   3.36    v? 02 16 19.753 -02 44 33.59 018482                      nat/wat
FCG J024558.4-064859   02 45 58.031  -06 48 59.23   1.32    c  02 45 58.451 -06 48 59.96 022425                      wat
FCG J024612.8-084735   02 46 12.407  -08 47 54.73   0.84    c  02 46 12.819 -08 47 35.89 022456                      nat
FCG J031147.3+010846   03 11 47.767  +01 08 51.80   0.26    c? 03 11 47.362 +01 08 46.64 024970                      nat
FCG J070029.9+494647   07 00 30.262  +49 46 51.45   0.43    c  07 00 29.914 +49 46 47.41 026563                      wat
FCG J070723.0+592725   07 07 24.610  +59 27 10.79   3.68    c? 07 07 23.091 +59 27 25.65 028338                      wat w? mg
FCG J070759.2+444906   07 07 59.675  +44 49 06.07   1.39    c  07 07 59.276 +44 49 06.02 028563                      wat dd ring-lobe
FCG J070825.8+540838   07 08 25.646  +54 08 51.58   1.51    c  07 08 25.861 +54 08 38.84 028693                      nat/wat mg ring-lobe?, wat component?
FCG J071406.0+510000   07 14 05.715  +51 00 07.49   0.64    v  07 14 06.006 +51 00 00.20 030860                      wat
FCG J071424.6+401559   07 14 23.649  +40 16 04.77   0.76    v  07 14 24.611 +40 15 59.29 030985                      nat
FCG J072106.9+363903   07 21 07.948  +36 39 14.26   1.04    v? 07 21 06.968 +36 39 03.26 034421                      wat
FCG J072109.8+531237   07 21 11.665  +53 12 43.38   1.20    c  07 21 09.856 +53 12 37.39 034428                      wat first system of group
FCG J072115.5+531411   07 21 15.169  +53 14 07.53   0.78    v  07 21 15.520 +53 14 11.46 034428                      wat second system of group
FCG J072431.5+501052   07 24 31.382  +50 10 54.30   1.28    c  07 24 31.572 +50 10 52.85 036444                      wat
FCG J072725.1+310934   07 27 25.442  +31 09 26.21   1.61    c  07 27 25.140 +31 09 34.60 038212                      wat
FCG J072930.2+594952   07 29 29.415  +59 49 42.26   0.50    c  07 29 30.246 +59 49 52.79 039493                      nat
FCG J073229.7+374420   07 32 29.818  +37 44 18.26   0.57    c  07 32 29.763 +37 44 20.16 041299                      wat interacting?
FCG J073441.9+361129   07 34 42.255  +36 11 34.96   0.51    c  07 34 41.933 +36 11 29.57 042662                      nat
FCG J073539.8+251020   07 35 40.204  +25 10 14.53   1.28    c  07 35 39.804 +25 10 20.38 043263                      wat
FCG J073540.4+361912   07 35 40.624  +36 19 18.54   0.30    c  07 35 40.471 +36 19 12.76 043290                      nat tri unu
FCG J073618.0+241043   07 36 18.534  +24 11 04.67   0.90    c  07 36 18.001 +24 10 43.90 043721                      nat
FCG J073849.8+415907   07 38 48.769  +41 59 23.84   0.73    v  07 38 49.895 +41 59 07.86 045405                      nat
FCG J074115.4+163254   07 41 15.812  +16 32 56.61   0.32    c  07 41 15.498 +16 32 54.13 047084                      wat arc int, first system of group
FCG J074118.0+163156   07 41 18.603  +16 31 52.20   0.66    c  07 41 18.029 +16 31 56.82 047084                      nat int, second system of group
FCG J074143.0+174056   07 41 43.106  +17 41 12.99   1.45    c  07 41 43.041 +17 40 56.96 047390                      nat
FCG J074305.9+271012   07 43 05.791  +27 10 26.42   0.57    v  07 43 05.965 +27 10 12.27 048441                      wat
FCG J074310.8+520337   07 43 09.866  +52 03 46.16   0.54    c? 07 43 10.868 +52 03 37.53 048506                      nat ring?
FCG J074639.3+465240   07 46 39.969  +46 52 27.31   0.82    c? 07 46 39.374 +46 52 40.08 051101                      nat mg tri unu
FCG J074640.0+465214   07 46 39.969  +46 52 27.31   0.82    c? 07 46 40.069 +46 52 14.57 051101                      wat mg tri unu
FCG J074757.7+372638   07 47 57.497  +37 26 26.83   0.53    v  07 47 57.770 +37 26 38.43 052062                      wat mg
FCG J074926.1+520230   07 49 28.279  +52 02 21.48   1.68    v  07 49 26.197 +52 02 30.26 053115                      nat int unu
FCG J075347.2+230150   07 53 47.240  +23 01 56.92   0.60    v? 07 53 47.232 +23 01 50.95 056473                      nat
FCG J075641.5+603013   07 56 40.800  +60 30 23.12   0.97    c  07 56 41.541 +60 30 13.52 058735                      nat, w component?, int
FCG J080317.0+244059   08 03 16.033  +24 40 37.85   1.04    v? 08 03 17.021 +24 40 59.62 064113                      wat hook/ring?
FCG J080337.3+105116   08 03 37.186  +10 50 45.57   1.38    v  08 03 37.378 +10 51 16.46 064386                      wat
FCG J080431.5+192217   08 04 31.429  +19 22 12.93   0.65    v  08 04 31.523 +19 22 17.40 065096                      wat
FCG J080611.3+253138   08 06 12.067  +25 31 35.31   0.65    c? 08 06 11.336 +25 31 38.39 066527                      nat ring int
FCG J080720.7+141620   08 07 21.382  +14 16 19.08   0.53    v  08 07 20.771 +14 16 20.91 067648                      wat
FCG J080842.9+055044   08 08 44.209  +05 50 47.41   0.89    c? 08 08 42.910 +05 50 44.14 068826                      nat mg
FCG J081544.2+371017   08 15 45.541  +37 10 35.52   1.20    c  08 15 44.259 +37 10 17.01 075315                      wat
FCG J081652.7+413332   08 16 52.392  +41 33 26.50   0.35    c  08 16 52.746 +41 33 32.23 076389                      wat
FCG J081659.5+571627   08 16 59.900  +57 16 34.67   0.61    v  08 16 59.515 +57 16 27.59 076482                      wat
FCG J081801.3+495610   08 18 00.929  +49 56 01.86   0.63    v  08 18 01.336 +49 56 10.51 077481                      wat
FCG J081803.7+543708   08 18 06.098  +54 37 27.08   2.13    c  08 18 03.735 +54 37 08.50 077461                      wat dd? ring-lobe
FCG J081939.4+574609   08 19 39.746  +57 45 59.92   0.52    c? 08 19 39.431 +57 46 09.22 079050                      wat
FCG J082444.7+520033   08 24 43.728  +52 00 26.69   0.42    c? 08 24 44.757 +52 00 33.00 084045                      nat
FCG J082718.2+463510   08 27 17.930  +46 35 28.84   1.75    c  08 27 18.207 +46 35 10.50 086460                      nat/wat
FCG J082835.1+322821   08 28 34.961  +32 28 28.03   0.87    v  08 28 35.117 +32 28 21.39 087751                      wat
FCG J082839.5+243654   08 28 39.697  +24 37 05.84   0.66    c  08 28 39.504 +24 36 54.44 087828                      wat, if separate systems
FCG J082843.2+243605   08 28 43.685  +24 36 03.09   0.76    c  08 28 43.248 +24 36 05.51 087913                      nat, if separate system
FCG J082844.4+243729   08 28 43.271  +24 37 02.82   2.22    v? 08 28 44.420 +24 37 29.58 087828                      nat, if single system
FCG J082910.5+632229   08 29 10.503  +63 22 37.61   0.36    v  08 29 10.555 +63 22 29.43 088315                      nat
FCG J083931.0+594956   08 39 30.292  +59 49 47.27   0.60    v  08 39 31.033 +59 49 56.77 098827                      nat
FCG J084122.7+611228   08 41 24.692  +61 12 16.34   1.85    v? 08 41 22.758 +61 12 28.12 100723                      nat mg tri distorted int
FCG J084132.7-020318   08 41 32.040  -02 03 03.00   1.14    v  08 41 32.722 -02 03 18.73 100880                      nat/wat
FCG J084445.3+212932   08 44 45.196  +21 29 28.86   0.71    v  08 44 45.339 +21 29 32.48 104321                      wat dd?
FCG J084655.0-013142   08 46 54.573  -01 31 48.28   0.63    c? 08 46 55.083 -01 31 42.94 106645                      nat
FCG J084934.4+282150   08 49 33.855  +28 22 10.60   0.84    v  08 49 34.455 +28 21 50.97 109514                      wat
FCG J085052.9+134857   08 50 53.274  +13 49 16.11   1.02    c? 08 50 52.961 +13 48 57.23 110924                      nat
FCG J085105.3+085107   08 51 05.478  +08 51 18.87   1.41    c  08 51 05.314 +08 51 07.24 111111                      nat
FCG J085756.7+170445   08 57 56.707  +17 04 34.66   0.90    v  08 57 56.726 +17 04 45.10 118471                      nat ring?
FCG J085758.3+170333   08 57 59.241  +17 03 30.39   0.36    c  08 57 58.352 +17 03 33.27 118471                      nat ring?
FCG J085815.2+505303   08 58 15.260  +50 53 25.65   1.90    c  08 58 15.259 +50 53 03.39 118767                      nat
FCG J085828.7-010714   08 58 29.148  -01 07 18.89   0.56    c  08 58 28.717 -01 07 14.74 119082                      nat unu distorted low level
FCG J085845.1+171002   08 58 44.539  +17 10 00.10   0.66    c  08 58 45.100 +17 10 02.13 119399                      nat
FCG J090124.9+025916   09 01 23.984  +02 59 02.22   1.21    v  09 01 24.981 +02 59 16.36 122268                      nat int ring? tri
FCG J090225.8+204547   09 02 25.102  +20 45 28.15   1.42    c  09 02 25.827 +20 45 47.24 123351                      wat ring?
FCG J090305.5+450959   09 03 04.794  +45 09 53.66   0.56    v  09 03 05.553 +45 09 59.47 124105                      nat distorted
FCG J090616.5+441856   09 06 16.123  +44 19 03.86   0.21    v  09 06 16.564 +44 18 56.99 127678                      nat
FCG J091042.2+384125   09 10 42.029  +38 41 21.18   0.56    c  09 10 42.233 +38 41 25.60 132551                      wat
FCG J091118.8+073239   09 11 19.144  +07 32 34.02   0.76    c  09 11 18.890 +07 32 39.77 133221                      wat tri?
FCG J091204.2+094405   09 12 04.469  +09 44 11.93   0.74    c  09 12 04.232 +09 44 05.56 134091                      wat starwars?
FCG J091213.2+133847   09 12 13.360  +13 39 15.13   1.50    v? 09 12 13.258 +13 38 47.67 134286                      wat
FCG J091235.1+155958   09 12 35.405  +15 59 58.59   0.86    v  09 12 35.164 +15 59 58.87 134703                      wat w?
FCG J091243.7-044038   09 12 42.983  -04 40 29.65   0.49    v  09 12 43.784 -04 40 38.35 134858                      nat
FCG J091325.0+122739   09 13 25.193  +12 27 45.96   0.50    v  09 13 25.073 +12 27 39.91 135599                      wat
FCG J091332.5+182601   09 13 32.335  +18 26 03.60   0.31    c  09 13 32.505 +18 26 01.06 135717                      wat
FCG J091406.0+171556   09 14 06.097  +17 15 56.35   0.67    v  09 14 06.097 +17 15 56.35 136344                      mg this is for the wat sz+wat? butterfly int
FCG J091420.6+582253   09 14 21.557  +58 22 44.78   0.77    c  09 14 20.617 +58 22 53.47 136634                      wat tri?
FCG J091639.5+052552   09 16 39.143  +05 25 50.61   0.98    v  09 16 39.571 +05 25 52.98 139185                      wat
FCG J091707.8+550903   09 17 08.204  +55 09 04.53   0.99    v  09 17 07.857 +55 09 03.90 139712                      wat
FCG J091738.6+024521   09 17 39.170  +02 45 23.67   0.43    v  09 17 38.630 +02 45 21.73 140326                      wat
FCG J091856.7+302107   09 18 57.477  +30 21 16.26   0.46    v  09 18 56.785 +30 21 07.79 141731                      nat ring?
FCG J091859.3+315140   09 18 59.989  +31 51 49.57   2.66    c  09 18 59.397 +31 51 40.86 141793                      nat/wat int mg
FCG J091944.7+360947   09 19 44.997  +36 09 44.18   1.98    v  09 19 44.737 +36 09 47.31 142674                      wat
FCG J092137.8-005857   09 21 37.809  -00 58 59.18   0.30    c  09 21 37.820 -00 58 57.17 144805                      wat/nat, three component group adjacent to Group 144734
FCG J092338.7+570558   09 23 38.815  +57 06 05.42   0.69    c  09 23 38.747 +57 05 58.32 146920                      wat
FCG J092428.8+141409   09 24 29.326  +14 14 04.81   0.80    c  09 24 28.875 +14 14 09.32 147889                      nat
FCG J092539.0+362705   09 25 38.928  +36 27 19.49   2.80    c  09 25 39.058 +36 27 05.32 149151                      wat w
FCG J092645.3+030916   09 26 45.094  +03 09 27.22   0.75    v  09 26 45.393 +03 09 16.01 150327                      wat
FCG J092703.7+542343   09 27 02.990  +54 23 51.86   0.67    v? 09 27 03.790 +54 23 43.16 150690                      nat
FCG J093048.6+642237   09 30 49.261  +64 22 37.01   0.42    c  09 30 48.630 +64 22 37.64 154876                      wat
FCG J093158.9+201242   09 31 59.442  +20 12 45.77   0.24    c  09 31 58.920 +20 12 42.34 156278                      nat ring tri? int
FCG J093349.9+451956   09 33 49.887  +45 19 58.92   1.39    v  09 33 49.985 +45 19 56.04 158214                      wat
FCG J093522.7+112455   09 35 23.264  +11 24 58.77   0.43    c  09 35 22.764 +11 24 55.54 159882                      nat tri? int distorted mg
FCG J093524.9+235505   09 35 23.479  +23 55 05.03   0.62    v  09 35 24.925 +23 55 05.78 159913                      nat dd?
FCG J093616.5-045535   09 36 16.437  -04 55 35.39   1.24    v  09 36 16.550 -04 55 35.99 160852                      nat mg hook? tri? unu
FCG J093919.5+232007   09 39 18.841  +23 20 11.55   0.74    c  09 39 19.553 +23 20 07.22 164301                      wat
FCG J093921.6+231938   09 39 20.895  +23 19 41.67   0.48    c  09 39 21.631 +23 19 38.81 164301                      wat
FCG J094332.4-050736   09 43 34.199  -05 07 38.68   0.90    c  09 43 32.403 -05 07 36.61 168970                      nat
FCG J094443.2+024754   09 44 43.826  +02 48 00.05   2.02    v  09 44 43.208 +02 47 54.23 170201                      wat, cat missed core?
FCG J094455.2-061603   09 44 55.016  -06 16 08.64   0.50    c  09 44 55.205 -06 16 03.00 170456                      nat
FCG J094702.1+340303   09 47 02.407  +34 03 11.75   1.31    c  09 47 02.184 +34 03 03.80 172889                      wat
FCG J094707.5+004417   09 47 07.182  +00 44 09.19   0.65    c  09 47 07.515 +00 44 17.15 172999                      nat w?
FCG J094715.5+525055   09 47 15.887  +52 51 05.20   0.55    v  09 47 15.542 +52 50 55.74 173140                      wat
FCG J094841.7+421817   09 48 41.608  +42 18 29.66   0.95    c? 09 48 41.752 +42 18 17.02 174693                      nat/wat dd unu
FCG J095007.0+434400   09 50 07.371  +43 44 00.42   0.62    v  09 50 07.054 +43 44 00.27 176324                      wat
FCG J095102.5+102211   09 51 02.369  +10 22 16.65   0.87    v  09 51 02.521 +10 22 11.17 177307                      wat
FCG J095113.2+180143   09 51 14.020  +18 01 55.52   0.91    v  09 51 13.289 +18 01 43.01 177468                      nat cat missed core?
FCG J095252.4-044958   09 52 53.408  -04 49 52.70   0.76    v  09 52 52.415 -04 49 58.03 179369                      nat w?
FCG J095327.8+292420   09 53 28.134  +29 24 36.62   0.90    v  09 53 27.832 +29 24 20.51 179987                      wat
FCG J095438.0+575350   09 54 38.625  +57 53 31.09   1.33    c  09 54 38.009 +57 53 50.75 181292                      nat/wat
FCG J095539.2+013549   09 55 39.331  +01 35 31.34   0.68    v  09 55 39.279 +01 35 49.42 182451                      nat
FCG J095603.5+233810   09 56 03.235  +23 38 10.83   0.60    v  09 56 03.547 +23 38 10.41 182868                      wat
FCG J095641.7+183548   09 56 41.769  +18 35 42.21   0.73    c  09 56 41.782 +18 35 48.28 183563                      wat
FCG J095700.6-064423   09 57 00.599  -06 44 08.64   2.55    v  09 57 00.654 -06 44 23.60 183849                      wat
FCG J095716.4+190651   09 57 15.641  +19 06 44.27   2.23    c  09 57 16.416 +19 06 51.15 184155                      wat/nat
FCG J095759.3+032725   09 57 59.557  +03 27 17.25   1.07    v  09 57 59.363 +03 27 25.54 184997                      nat
FCG J095759.7+191607   09 58 00.189  +19 16 11.14   1.50    v  09 57 59.784 +19 16 07.21 184970                      wat
FCG J095952.1+244757   09 59 52.145  +24 47 53.11   0.54    v  09 59 52.121 +24 47 57.52 187105                      nat
FCG J100044.5+204726   10 00 43.672  +20 47 12.91   0.65    c  10 00 44.541 +20 47 26.48 188081                      nat ring
FCG J100328.5-043809   10 03 27.896  -04 38 09.26   0.94    c  10 03 28.502 -04 38 09.48 191177                      wat/nat x?
FCG J100515.8+221048   10 05 15.343  +22 10 42.55   0.38    c? 10 05 15.826 +22 10 48.17 193198                      nat
FCG J100515.8+231500   10 05 15.890  +23 15 03.89   1.00    v  10 05 15.890 +23 15 00.75 193187                      mg wat
FCG J100756.0+155003   10 07 55.636  +15 50 07.88   0.87    c  10 07 56.000 +15 50 03.58 196130                      wat mg unu
FCG J100836.7+281301   10 08 36.777  +28 13 01.83   0.72    c  10 08 36.709 +28 13 01.67 196938                      wat/nat w?
FCG J100943.4+033721   10 09 43.343  +03 37 14.30   1.65    v  10 09 43.484 +03 37 21.39 198198                      wat dd?
FCG J101207.3+084133   10 12 05.985  +08 41 44.51   1.37    v? 10 12 07.363 +08 41 33.50 200897                      wat
FCG J101220.0+363927   10 12 20.152  +36 39 35.87   0.57    v  10 12 20.020 +36 39 27.23 201210                      wat
FCG J101436.3+494531   10 14 35.732  +49 45 25.29   1.28    v? 10 14 36.380 +49 45 31.59 203630                      wat int
FCG J101442.1+003801   10 14 42.719  +00 38 07.00   0.46    v  10 14 42.139 +00 38 01.53 203798                      nat
FCG J101601.8+240009   10 16 02.358  +24 00 16.08   0.72    v  10 16 01.841 +24 00 09.81 205284                      wat
FCG J101801.6+635228   10 18 00.892  +63 52 28.02   0.67    v  10 18 01.677 +63 52 28.66 207481                      wat
FCG J101932.3+140252   10 19 31.666  +14 02 50.17   0.72    v? 10 19 32.314 +14 02 52.54 209237                      wat
FCG J102000.7+171452   10 20 00.825  +17 14 56.12   0.63    c  10 20 00.753 +17 14 52.39 209776                      wat
FCG J102216.4-042053   10 22 16.817  -04 20 54.12   1.00    v  10 22 16.493 -04 20 53.04 212319                      nat
FCG J102228.2+165315   10 22 27.786  +16 53 20.71   0.36    v  10 22 28.223 +16 53 15.38 212537                      nat dd?
FCG J102255.3+421641   10 22 54.746  +42 16 33.24   0.44    v  10 22 55.315 +42 16 41.92 213050                      nat
FCG J102501.9+040141   10 25 01.289  +04 01 52.95   0.70    v  10 25 01.919 +04 01 41.16 215453                      nat
FCG J102945.0+252310   10 29 44.855  +25 23 25.19   0.76    c? 10 29 45.085 +25 23 10.94 220579                      nat distorted ring?
FCG J103502.6+425548   10 35 02.823  +42 55 39.34   1.38    c  10 35 02.623 +42 55 48.59 226323                      wat dd
FCG J103737.0+362520   10 37 37.383  +36 25 24.49   0.48    c  10 37 37.089 +36 25 20.91 229090                      nat
FCG J103836.6+011747   10 38 36.778  +01 17 55.90   1.14    v  10 38 36.673 +01 17 47.25 230293                      wat int
FCG J103938.8+553746   10 39 38.908  +55 37 42.77   0.34    v  10 39 38.880 +55 37 46.56 231420                      nat
FCG J103946.8-064521   10 39 47.003  -06 45 27.39   0.57    v? 10 39 46.898 -06 45 21.10 231608                      nat
FCG J104104.1+335520   10 41 04.552  +33 55 11.71   1.53    c  10 41 04.120 +33 55 20.70 232993                      nat
FCG J104254.6+290717   10 42 54.122  +29 07 17.54   0.51    c  10 42 54.697 +29 07 17.22 235039                      wat dd int
FCG J104501.7+125800   10 45 01.245  +12 58 05.83   0.42    v  10 45 01.729 +12 58 00.33 237336                      nat
FCG J104516.2+235140   10 45 16.800  +23 51 45.21   0.45    c  10 45 16.222 +23 51 40.51 237623                      nat
FCG J104646.7+121038   10 46 46.909  +12 10 45.59   0.35    v  10 46 46.755 +12 10 38.77 239251                      nat dd
FCG J104742.7+434651   10 47 42.793  +43 47 00.35   1.99    c  10 47 42.771 +43 46 51.86 240181                      nat/wat
FCG J104759.2+151559   10 47 59.184  +15 16 06.34   1.34    c  10 47 59.239 +15 15 59.41 240488                      nat int
FCG J104914.0+005945   10 49 14.460  +00 59 52.86   1.20    c? 10 49 14.070 +00 59 45.18 241922                      nat/wat w dd hook
FCG J104934.3+444553   10 49 33.759  +44 45 47.35   0.86    v  10 49 34.341 +44 45 53.09 242286                      wat
FCG J104955.7+461912   10 49 54.982  +46 19 25.55   1.11    c  10 49 55.710 +46 19 12.20 242691                      nat hook distorted
FCG J105129.8+050325   10 51 30.505  +05 03 11.56   0.68    v? 10 51 29.822 +05 03 25.71 244518                      nat dd
FCG J105138.3+580754   10 51 39.593  +58 07 53.30   0.39    v  10 51 38.388 +58 07 54.60 244676                      nat
FCG J105229.1+114536   10 52 28.879  +11 45 46.66   0.36    v  10 52 29.130 +11 45 36.57 245581                      nat arc?
FCG J105402.7-020917   10 54 02.976  -02 09 03.02   1.53    v? 10 54 02.767 -02 09 17.95 247345                      nat distorted int dd?
FCG J105501.0+520156   10 55 00.986  +52 02 01.30   0.65    v  10 55 01.052 +52 01 56.39 248402                      nat/wat w
FCG J110220.7-061419   11 02 21.571  -06 13 55.73   0.91    v? 11 02 20.737 -06 14 19.50 256226                      nat dd?
FCG J110444.4+472657   11 04 43.891  +47 26 54.11   0.75    c  11 04 44.421 +47 26 57.37 258879                      nat
FCG J110555.0-000342   11 05 55.111  -00 03 33.63   1.20    v  11 05 55.054 -00 03 42.00 260184                      wat
FCG J111140.4+404707   11 11 39.614  +40 47 20.83   1.25    c  11 11 40.488 +40 47 07.17 266811                      nat
FCG J111833.4+311515   11 18 34.177  +31 15 24.16   0.95    v  11 18 33.441 +31 15 15.53 274426                      wat
FCG J111931.3+020729   11 19 31.796  +02 07 30.61   0.86    v  11 19 31.376 +02 07 29.82 275456                      nat/wat
FCG J111933.1+631718   11 19 34.709  +63 17 15.14   1.27    c  11 19 33.174 +63 17 18.35 275474                      nat/wat
FCG J111946.5+375053   11 19 47.049  +37 50 53.97   0.48    v  11 19 46.584 +37 50 53.17 275751                      nat unu int
FCG J112038.5+291234   11 20 40.516  +29 12 26.04   1.53    c  11 20 38.534 +29 12 34.39 276641                      wat
FCG J112117.9-001327   11 21 18.271  -00 13 34.92   1.03    v? 11 21 17.996 -00 13 27.56 277358                      nat
FCG J112446.8+285705   11 24 46.441  +28 57 06.27   0.89    c  11 24 46.870 +28 57 05.89 281151                      nat
FCG J112502.1+091003   11 25 01.693  +09 10 04.31   0.98    c  11 25 02.190 +09 10 03.59 281431                      nat/wat
FCG J112656.2+400341   11 26 55.744  +40 03 32.70   0.78    c? 11 26 56.249 +40 03 41.24 283549                      wat
FCG J112924.0+210113   11 29 23.701  +21 01 19.62   1.59    c  11 29 24.043 +21 01 13.38 286367                      wat
FCG J113122.8+212600   11 31 22.875  +21 26 08.21   0.36    v  11 31 22.838 +21 26 00.90 288639                      nat ring
FCG J113130.8+012834   11 31 31.511  +01 28 45.22   0.55    v  11 31 30.847 +01 28 34.70 288833                      nat
FCG J113359.2+490344   11 33 56.439  +49 03 51.89   1.91    c? 11 33 59.249 +49 03 44.57 291462                      nat
FCG J113828.5+155450   11 38 28.364  +15 54 58.05   0.42    v  11 38 28.538 +15 54 50.57 296426                      wat
FCG J113843.2+334324   11 38 43.859  +33 43 28.00   0.62    *  11 38 43.232 +33 43 24.40 296694                      nat     mg, if separate systems
FCG J113848.3+334315   11 38 48.333  +33 43 14.67   2.31    v  11 38 48.396 +33 43 15.46 296694                      wat/nat mg very int curiosity, if multiple systems
FCG J113848.4+334315   11 38 48.333  +33 43 14.67   0.32    v  11 38 48.459 +33 43 15.46 296694                      wat     mg, if separate systems
FCG J113851.3+334259   11 38 52.554  +33 42 55.83   0.63    c  11 38 51.314 +33 42 59.01 296694                      wat/nat mg, if separate systems
FCG J114019.6+535035   11 40 19.335  +53 50 30.74   1.36    v? 11 40 19.693 +53 50 35.45 298409                      nat
FCG J114111.2+054359   11 41 10.972  +05 43 51.66   0.90    c? 11 41 11.273 +05 43 59.39 299419                      wat
FCG J114340.1+072957   11 43 40.144  +07 29 51.36   1.88    v? 11 43 40.144 +07 29 57.65 302092                      wat
FCG J114553.0-075755   11 45 52.843  -07 57 52.74   0.37    c  11 45 53.065 -07 57 55.32 304640                      wat starwars?
FCG J114928.9+491136   11 49 29.528  +49 11 32.10   0.44    v  11 49 28.964 +49 11 36.79 308658                      nat
FCG J115146.9+042223   11 51 46.641  +04 22 07.58   1.07    v  11 51 46.940 +04 22 23.14 311231                      nat dd
FCG J115237.4+422905   11 52 35.637  +42 29 04.33   0.84    v? 11 52 37.413 +42 29 05.19 312173                      nat
FCG J115243.3+340530   11 52 43.295  +34 05 34.97   0.32    c? 11 52 43.313 +34 05 30.66 312362                      wat unu
FCG J115424.4+020651   11 54 24.515  +02 06 43.85   0.72    v  11 54 24.410 +02 06 51.71 314321                      nat
FCG J115505.0+212624   11 55 05.531  +21 26 30.32   0.53    c  11 55 05.085 +21 26 24.47 315071                      nat
FCG J115513.4-003137   11 55 13.492  -00 31 52.82   0.82    v  11 55 13.440 -00 31 37.10 315199                      nat
FCG J115548.9+105938   11 55 49.530  +10 59 30.51   0.47    c  11 55 48.925 +10 59 38.90 315895                      nat
FCG J120045.6+294249   12 00 45.909  +29 42 39.34   2.11    v  12 00 45.669 +29 42 49.56 321320                      nat/wat
FCG J120126.0-070314   12 01 26.693  -07 03 10.08   0.72    v  12 01 26.060 -07 03 14.02 322106                      nat, core id ambiguous
FCG J120204.1+580209   12 02 04.898  +58 01 45.61   1.12    v? 12 02 04.194 +58 02 09.96 322776                      wat
FCG J120226.7+121653   12 02 26.663  +12 16 46.78   0.54    v  12 02 26.716 +12 16 53.85 323217                      nat
FCG J120401.5+201356   12 04 01.660  +20 13 21.48   3.62    c? 12 04 01.594 +20 13 56.19 324943                      wat/nat int
FCG J120430.2+375734   12 04 31.685  +37 57 25.11   1.12    v  12 04 30.286 +37 57 34.48 325533                      wat ring-lobe?
FCG J120432.1+035806   12 04 32.275  +03 58 16.53   0.66    v  12 04 32.165 +03 58 06.87 325546                      wat
FCG J120458.8+455933   12 04 59.591  +45 59 36.76   0.86    v  12 04 58.838 +45 59 33.59 326062                      wat
FCG J120619.8+034700   12 06 20.268  +03 46 51.28   0.38    c? 12 06 19.878 +03 47 00.45 327581                      nat
FCG J120647.7+315232   12 06 48.321  +31 52 16.69   1.32    c  12 06 47.709 +31 52 32.10 328055                      wat/nat distorted
FCG J120813.7+440344   12 08 13.491  +44 03 43.07   0.89    c  12 08 13.789 +44 03 44.18 329624                      wat
FCG J120900.3+571528   12 09 01.192  +57 15 26.20   0.20    c  12 09 00.392 +57 15 28.76 330396                      nat ring?
FCG J121046.6+561616   12 10 47.180  +56 16 05.73   0.68    v  12 10 46.608 +56 16 16.71 332474                      nat
FCG J121232.1+181332   12 12 32.245  +18 13 41.58   0.62    c? 12 12 32.167 +18 13 32.14 334367                      nat
FCG J121740.0+033958   12 17 39.574  +03 39 54.25   0.44    c? 12 17 40.023 +03 39 58.41 340087                      nat ring?
FCG J121942.8+043332   12 19 43.200  +04 33 39.35   0.44    v  12 19 42.884 +04 33 32.28 342392                      nat w int
FCG J122110.0+515052   12 21 10.190  +51 50 52.05   0.90    v  12 21 10.021 +51 50 52.05 344071                      wat dd??
FCG J122223.5-044959   12 22 24.243  -04 49 30.84   1.14    v? 12 22 23.508 -04 49 59.93 345425                      nat int ring
FCG J122329.4+611457   12 23 32.960  +61 15 07.28   0.93    v  12 23 29.477 +61 14 57.02 346593                      nat distorted
FCG J122503.7+125313   12 25 04.532  +12 53 05.87   1.72    c? 12 25 03.731 +12 53 13.66 348306                      nat dd? int
FCG J122524.5+373719   12 25 25.683  +37 37 24.51   0.42    v  12 25 24.557 +37 37 19.85 348663                      nat distorted
FCG J122952.2+114037   12 29 51.436  +11 40 30.47   1.29    v? 12 29 52.292 +11 40 37.54 353414                      nat distorted
FCG J123005.9-075255   12 30 05.782  -07 52 51.97   0.30    v  12 30 05.993 -07 52 55.90 353696                      nat
FCG J123607.9+163829   12 36 07.617  +16 38 25.47   1.45    c  12 36 07.989 +16 38 29.23 360110                      wat w?
FCG J123625.4+163210   12 36 27.822  +16 32 02.42   1.05    v? 12 36 25.415 +16 32 10.51 360505                      nat
FCG J124100.0+183312   12 40 59.476  +18 32 26.10   1.67    c  12 41 00.041 +18 33 12.94 365545                      nat beautiful
FCG J124133.9+140734   12 41 33.277  +14 07 34.43   0.41    c? 12 41 33.999 +14 07 34.06 366169                      wat
FCG J124206.0+323229   12 42 06.926  +32 32 29.47   1.67    v  12 42 06.056 +32 32 29.47 366767                      mg wat dd? td? unu
FCG J124619.2+262635   12 46 19.348  +26 26 51.47   3.25    c? 12 46 19.257 +26 26 35.85 371167                      wat/nat distorted
FCG J124724.2+093059   12 47 25.560  +09 31 02.56   1.10    c  12 47 24.237 +09 30 59.82 372507                      wat
FCG J124918.2+500443   12 49 17.504  +50 04 59.59   0.94    v  12 49 18.248 +50 04 43.91 374501                      nat
FCG J124942.2+303838   12 49 43.092  +30 38 50.77   1.10    c  12 49 42.258 +30 38 38.33 374948                      wat
FCG J125003.5-013222   12 50 03.425  -01 32 22.17   1.15    v  12 50 03.530 -01 32 22.95 375298                      nat/wat distorted dl
FCG J125045.7+344027   12 50 45.661  +34 40 35.30   1.69    c  12 50 45.766 +34 40 27.98 376070                      wat/nat, tri lobes, unu
FCG J125659.2+061858   12 56 59.731  +06 19 18.91   2.23    c  12 56 59.212 +06 18 58.61 382817                      wat
FCG J125745.6+485508   12 57 46.786  +48 54 57.62   0.54    c  12 57 45.619 +48 55 08.04 383717                      nat
FCG J125819.6+443157   12 58 19.298  +44 31 51.76   0.35    c  12 58 19.676 +44 31 57.16 384344                      nat
FCG J125822.9+111038   12 58 22.807  +11 10 43.63   0.41    v  12 58 22.916 +11 10 38.98 384424                      nat dd
FCG J125924.2+094625   12 59 24.649  +09 46 32.80   0.47    c  12 59 24.289 +09 46 25.49 385569                      nat
FCG J130327.6+493556   13 03 29.489  +49 35 50.45   1.15    c  13 03 27.648 +49 35 56.87 389992                      nat
FCG J130409.2+185549   13 04 09.385  +18 55 58.30   0.60    c? 13 04 09.232 +18 55 49.72 390744                      nat ring
FCG J130700.6-063101   13 07 00.102  -06 31 24.44   0.98    v? 13 07 00.681 -06 31 01.64 394021                      nat
FCG J130744.3+565101   13 07 43.399  +56 50 57.20   1.09    v  13 07 44.368 +56 51 01.29 394848                      wat
FCG J130817.7+175133   13 08 17.488  +17 51 41.73   0.63    c  13 08 17.758 +17 51 33.52 395457                      wat starwars
FCG J130833.4+531118   13 08 33.244  +53 11 12.09   0.32    v  13 08 33.465 +53 11 18.13 395760                      nat
FCG J130904.5+102934   13 09 05.886  +10 29 35.32   1.44    v  13 09 04.554 +10 29 34.53 396365                      wat int
FCG J131036.7+241844   13 10 36.874  +24 18 36.50   0.66    c  13 10 36.799 +24 18 44.98 398044                      wat
FCG J131336.8+174528   13 13 37.616  +17 45 25.19   0.40    c  13 13 36.834 +17 45 28.29 401420                      nat
FCG J131616.9+070246   13 16 17.812  +07 02 30.91   1.78    c? 13 16 16.979 +07 02 46.57 404356                      nat
FCG J131738.3+191016   13 17 39.300  +19 10 26.92   0.85    v? 13 17 38.341 +19 10 16.54 405913                      nat dd?
FCG J131812.0+512617   13 18 12.934  +51 26 38.64   0.80    v? 13 18 12.092 +51 26 17.43 406496                      nat ring-lobe ring
FCG J132254.1+581007   13 22 56.171  +58 10 12.30   0.54    v  13 22 54.187 +58 10 07.52 411693                      nat
FCG J132832.2+143653   13 28 32.630  +14 36 57.90   0.40    v  13 28 32.251 +14 36 53.18 417735                      nat
FCG J133031.2+064931   13 30 30.037  +06 49 22.37   0.70    v? 13 30 31.251 +06 49 31.79 419830                      nat ring?
FCG J133124.4-054429   13 31 24.252  -05 44 19.33   1.61    v? 13 31 24.463 -05 44 29.55 420750                      nat/wat
FCG J133335.2+542744   13 33 34.251  +54 27 40.10   0.78    c? 13 33 35.270 +54 27 44.45 423181                      nat
FCG J133337.8-065808   13 33 37.714  -06 57 59.09   0.34    c? 13 33 37.821 -06 58 08.62 423253                      nat/wat ring? arc
FCG J133416.3+332347   13 34 16.456  +33 23 42.30   1.16    v  13 34 16.394 +33 23 47.81 423926                      mg wat/nat unu, core id ambiguous
FCG J133421.9+332300   13 34 21.528  +33 22 58.09   0.60    v  13 34 21.968 +33 23 00.43 423926                      mg wat unu dd?, core id ambiguous
FCG J133540.5+535221   13 35 41.000  +53 52 19.52   0.39    v  13 35 40.515 +53 52 21.07 425502                      nat/wat dd
FCG J133631.1+403535   13 36 31.576  +40 35 41.49   0.66    v  13 36 31.108 +40 35 35.53 426416                      nat dd?
FCG J133824.8+293103   13 38 24.993  +29 30 57.24   0.49    v  13 38 24.894 +29 31 03.57 428531                      nat/wat dd?
FCG J133904.1+162052   13 39 04.002  +16 20 43.90   0.89    c  13 39 04.162 +16 20 52.28 429248                      nat dd?
FCG J134038.3+555020   13 40 39.462  +55 50 24.30   1.24    c  13 40 38.320 +55 50 20.78 431064                      wat ring-lobe
FCG J134117.7+540609   13 41 17.757  +54 06 11.05   0.34    v  13 41 17.702 +54 06 09.79 431787                      nat mg butterfly
FCG J134134.5+534442   13 41 34.003  +53 44 47.29   1.32    c  13 41 34.553 +53 44 42.97 432016                      nat distorted low level int
FCG J134149.8+262212   13 41 50.902  +26 22 31.95   0.93    v  13 41 49.811 +26 22 12.85 432349                      nat
FCG J134243.6+122647   13 42 43.831  +12 26 53.84   0.34    v  13 42 43.616 +12 26 47.55 433379                      nat arc
FCG J134259.3-033422   13 42 59.427  -03 34 12.37   0.27    v  13 42 59.302 -03 34 22.45 433691                      nat arc
FCG J134336.7+292846   13 43 37.282  +29 28 34.16   1.57    v? 13 43 36.737 +29 28 46.71 434368                      wat
FCG J134404.9+242533   13 44 04.397  +24 25 44.63   0.50    v  13 44 04.952 +24 25 33.44 434876                      nat
FCG J134414.1+001642   13 44 13.848  +00 16 45.98   1.44    c? 13 44 14.179 +00 16 42.32 435011                      wat?
FCG J134423.9+113459   13 44 25.501  +11 34 41.02   0.95    c  13 44 23.975 +11 34 59.95 435230                      nat
FCG J135031.1+330124   13 50 31.949  +33 01 20.68   1.33    c? 13 50 31.150 +33 01 24.05 442035                      wat mg unu tri
FCG J135118.2-054935   13 51 19.085  -05 49 25.59   2.03    *  13 51 18.268 -05 49 35.57 442903                      nat irr int mg, if  group is single large system
FCG J135120.7-054851   13 51 21.034  -05 48 47.07   0.93    v? 13 51 20.771 -05 48 51.79 442903                      wat int mg, if group consists of multiple systems
FCG J135339.8+094213   13 53 41.074  +09 42 29.70   1.03    c? 13 53 39.873 +09 42 13.92 445526                      nat
FCG J135856.3+532848   13 58 57.537  +53 28 42.10   0.59    v  13 58 56.390 +53 28 48.35 451312                      nat/wat
FCG J140000.8+283006   14 00 00.416  +28 29 56.36   1.80    c  14 00 00.820 +28 30 06.46 452516                      nat
FCG J140145.7+283347   14 01 45.631  +28 33 55.48   0.31    v  14 01 45.752 +28 33 47.63 454558                      nat ring?
FCG J140148.5+283316   14 01 47.966  +28 33 13.12   0.51    v  14 01 48.562 +28 33 16.28 454558                      nat/wat
FCG J140604.1+404140   14 06 04.453  +40 41 44.94   0.58    v  14 06 04.108 +40 41 40.23 459272                      nat
FCG J140617.9+275615   14 06 17.538  +27 56 21.98   1.70    c  14 06 17.916 +27 56 15.07 459545                      wat/nat dd? td? arc? int
FCG J140656.3+550404   14 06 56.732  +55 04 02.17   1.17    v  14 06 56.349 +55 04 04.34 460202                      wat dd
FCG J141023.0+051551   14 10 21.369  +05 16 03.06   1.50    c? 14 10 23.016 +05 15 51.33 464061                      wat mg unu
FCG J141330.4+484427   14 13 30.261  +48 44 32.48   0.49    c? 14 13 30.407 +48 44 27.77 467578                      nat
FCG J141456.2+174617   14 14 56.147  +17 46 13.99   0.23    v? 14 14 56.219 +17 46 17.33 469171                      nat arc? dd?
FCG J141702.1+201902   14 17 02.222  +20 19 06.36   0.59    v  14 17 02.198 +20 19 02.83 471452                      wat mg butterfly distorted
FCG J142031.3-062248   14 20 31.070  -06 22 42.49   0.95    v  14 20 31.386 -06 22 48.77 475261                      wat tri?
FCG J142141.0-074334   14 21 41.232  -07 43 37.19   0.63    v  14 21 41.005 -07 43 34.55 476590                      wat dd
FCG J142513.7+120950   14 25 13.889  +12 10 16.71   1.39    v  14 25 13.714 +12 09 50.44 480376                      nat
FCG J142616.4+005018   14 26 15.238  +00 50 22.85   0.74    v  14 26 16.496 +00 50 18.13 481474                      nat
FCG J142843.1+552045   14 28 42.827  +55 20 56.90   1.22    c  14 28 43.182 +55 20 45.21 484225                      wat
FCG J142932.6+544331   14 29 27.284  +54 43 43.29   3.25    c? 14 29 32.667 +54 43 31.27 485149                      wat
FCG J143053.5+205904   14 30 53.364  +20 59 11.35   0.25    v  14 30 53.508 +20 59 04.79 486667                      nat mg, if small systems
FCG J143053.5+205904   14 30 54.167  +20 59 09.90   1.64    v  14 30 53.508 +20 59 04.79 486667                      wat/nat mg, if single large system
FCG J143057.2+205844   14 30 57.266  +20 58 44.28   0.20    v  14 30 57.266 +20 58 44.28 486667                      nat mg, if small systems
FCG J143348.8+425257   14 33 48.606  +42 52 50.71   0.52    c  14 33 48.836 +42 52 57.21 489923                      nat/wat ring? low level hooks int
FCG J143407.6+013650   14 34 08.199  +01 36 22.38   2.25    v  14 34 07.675 +01 36 50.67 490281                      nat dd?
FCG J143449.0-021458   14 34 48.931  -02 15 09.43   0.96    c  14 34 49.029 -02 14 58.89 491095                      nat sz? ring-lobe?
FCG J143505.9-040924   14 35 05.578  -04 09 20.92   0.50    v  14 35 05.944 -04 09 24.19 491421                      wat
FCG J143658.1+474850   14 36 58.109  +47 48 54.66   0.59    v? 14 36 58.186 +47 48 50.72 493469                      nat arc?
FCG J144020.8+112506   14 40 20.253  +11 24 51.77   0.72    c  14 40 20.828 +11 25 06.17 497290                      nat/wat mg? w? distorted very int
FCG J144109.8+184026   14 41 09.541  +18 40 26.03   0.30    v  14 41 09.872 +18 40 26.82 498188                      nat mg
FCG J144625.2+214139   14 46 25.844  +21 41 52.40   2.23    c  14 46 25.298 +21 41 39.31 503970                      wat beautiful arcing jets
FCG J144802.7+144653   14 48 04.868  +14 47 06.12   0.98    v  14 48 02.755 +14 46 53.54 505880                      nat
FCG J145001.6+144748   14 50 01.645  +14 47 49.12   0.80    c  14 50 01.606 +14 47 48.58 508071                      nat
FCG J145022.4+272820   14 50 22.541  +27 28 09.02   0.65    c? 14 50 22.461 +27 28 20.59 508486                      nat
FCG J145058.9+312110   14 51 00.205  +31 21 10.65   0.57    v  14 50 58.916 +31 21 10.65 509182                      nat
FCG J150052.0-031710   15 00 52.433  -03 17 26.79   1.56    c  15 00 52.075 -03 17 10.68 520153                      nat int
FCG J150104.8+085701   15 01 05.270  +08 57 07.68   0.36    c  15 01 04.862 +08 57 01.28 520447                      wat
FCG J150114.6+095919   15 01 14.325  +09 59 33.34   0.57    v  15 01 14.606 +09 59 19.33 520604                      wat dd?
FCG J150114.7+514810   15 01 15.470  +51 48 22.18   0.51    v  15 01 14.787 +51 48 10.42 520633                      nat/wat
FCG J150228.9+524420   15 02 27.524  +52 44 05.10   1.13    v? 15 02 28.993 +52 44 20.84 521973                      wat x dl int right angles
FCG J150415.9+283411   15 04 18.013  +28 35 09.20   2.21    c? 15 04 15.912 +28 34 11.30 524055                      nat mg, one possible core for group
FCG J150417.4+283510   15 04 19.093  +28 35 39.03   1.41    v  15 04 17.416 +28 35 10.01 524055                      nat mg, another possible core for group
FCG J150538.0+470617   15 05 39.753  +47 06 04.46   1.19    c? 15 05 38.081 +47 06 17.52 525584                      nat
FCG J150644.2+342759   15 06 44.078  +34 28 06.64   0.72    c? 15 06 44.284 +34 27 59.89 526792                      nat x?
FCG J150957.2+332716   15 09 56.954  +33 27 01.48   0.73    c? 15 09 57.229 +33 27 16.28 530336                      nat
FCG J151056.2+054441   15 10 55.851  +05 44 39.29   0.59    v  15 10 56.220 +05 44 41.65 531415                      wat/nat dd
FCG J151130.7+322821   15 11 31.524  +32 28 16.69   1.02    c  15 11 30.794 +32 28 21.28 532050                      wat w? ring-lobe?
FCG J151447.8+101646   15 14 48.709  +10 16 37.63   1.44    v? 15 14 47.803 +10 16 46.27 535588                      nat int ring-lobe?
FCG J151911.9+362315   15 19 11.655  +36 23 20.52   2.13    v? 15 19 11.979 +36 23 15.80 540488                      wat dd?
FCG J152126.8+315731   15 21 25.578  +31 57 30.64   0.98    c  15 21 26.886 +31 57 31.80 542925                      nat
FCG J152350.4+361102   15 23 49.820  +36 10 55.90   0.86    v  15 23 50.486 +36 11 02.04 545546                      nat wiggle w
FCG J152439.9+620225   15 24 42.006  +62 02 50.93   1.09    v  15 24 39.984 +62 02 25.03 546560                      nat arc?
FCG J152642.4+384149   15 26 43.256  +38 41 49.21   1.57    c  15 26 42.434 +38 41 49.26 548774                      wat
FCG J153249.5+573425   15 32 50.327  +57 34 30.28   1.12    c  15 32 49.501 +57 34 25.59 555482                      nat/wat dd?
FCG J153522.1+342247   15 35 22.994  +34 23 02.98   0.65    v  15 35 22.171 +34 22 47.24 558329                      nat
FCG J153616.2+142045   15 36 16.805  +14 20 41.16   0.97    c  15 36 16.292 +14 20 45.16 559342                      wat w
FCG J153629.7-020520   15 36 29.290  -02 05 02.23   1.10    v  15 36 29.746 -02 05 20.44 559542                      nat ring? int
FCG J153909.6+183243   15 39 08.605  +18 33 03.91   0.84    v? 15 39 09.696 +18 32 43.77 562498                      nat
FCG J153928.0+304425   15 39 28.659  +30 44 22.13   0.48    c  15 39 28.060 +30 44 25.51 562868                      nat
FCG J153953.3-022410   15 39 53.256  -02 24 11.51   0.43    v  15 39 53.308 -02 24 10.72 563292                      x tri? bifurcation int
FCG J154105.4+432703   15 41 05.700  +43 26 58.56   1.03    v  15 41 05.442 +43 27 03.29 564583                      wat/nat
FCG J154409.8+175506   15 44 09.901  +17 55 12.61   0.30    c  15 44 09.853 +17 55 06.73 567932                      wat/nat
FCG J154413.2+283839   15 44 13.249  +28 38 41.57   0.51    c? 15 44 13.283 +28 38 39.66 567991                      nat
FCG J154549.4-024954   15 45 48.671  -02 49 59.76   0.99    c  15 45 49.490 -02 49 54.40 569754                      nat
FCG J154553.8+030913   15 45 54.078  +03 09 19.23   0.38    c  15 45 53.854 +03 09 13.47 569834                      nat arc?
FCG J154709.5-004638   15 47 09.164  -00 46 31.76   0.54    v? 15 47 09.531 -00 46 38.05 571217                      wat dd
FCG J155020.3+151615   15 50 19.069  +15 16 12.84   0.76    c  15 50 20.388 +15 16 15.27 574497                      nat
FCG J155343.7+234844   15 53 44.736  +23 48 35.41   1.60    v  15 53 43.748 +23 48 44.35 578035                      wat
FCG J155345.5+153012   15 53 46.574  +15 30 14.57   0.54    c? 15 53 45.550 +15 30 12.95 578064                      nat
FCG J155400.9-022045   15 54 00.373  -02 20 36.35   1.43    v? 15 54 00.950 -02 20 45.78 578287                      nat
FCG J155806.8+451955   15 58 06.470  +45 19 50.92   2.63    c  15 58 06.881 +45 19 55.49 582383                      nat/wat? dd?
FCG J160245.5+095549   16 02 45.088  +09 56 02.49   0.76    c  16 02 45.514 +09 55 49.62 587257                      nat ring?
FCG J160318.6+192414   16 03 18.856  +19 24 18.13   0.33    v  16 03 18.623 +19 24 14.22 587818                      nat/wat dd?
FCG J160338.3+285750   16 03 39.194  +28 57 51.79   0.60    c  16 03 38.320 +28 57 50.71 588115                      nat ring-lobe?
FCG J160456.7+235554   16 04 57.045  +23 55 54.51   1.94    v  16 04 56.758 +23 55 54.50 589446                      wat w
FCG J160803.7+221104   16 08 03.712  +22 11 07.20   0.49    c  16 08 03.711 +22 11 04.09 592553                      wat starwars
FCG J160810.8+325418   16 08 11.543  +32 54 21.97   2.01    c? 16 08 10.852 +32 54 18.93 592631                      wat td int
FCG J161026.7+253121   16 10 26.455  +25 31 18.89   0.32    c  16 10 26.738 +25 31 21.47 594878                      nat
FCG J161328.5+293737   16 13 28.941  +29 37 29.41   0.48    c  16 13 28.534 +29 37 37.58 597790                      nat
FCG J161403.8+590105   16 14 03.630  +59 00 57.25   0.78    c  16 14 03.830 +59 01 05.51 598320                      nat
FCG J161412.8+621528   16 14 14.077  +62 15 20.21   0.40    c  16 14 12.892 +62 15 28.97 598507                      nat rc? int bug
FCG J161535.5+192713   16 15 36.030  +19 27 09.70   0.23    c  16 15 35.585 +19 27 13.16 599741                      nat arc?
FCG J161637.7+422656   16 16 38.055  +42 27 03.61   0.50    v  16 16 37.790 +42 26 56.75 600704                      nat
FCG J161638.6+562031   16 16 39.037  +56 20 32.95   0.63    c  16 16 38.608 +56 20 31.73 600717                      nat
FCG J161652.9+092630   16 16 53.759  +09 26 24.19   0.77    v? 16 16 52.962 +09 26 30.46 600929                      wat w int
FCG J162007.3+422845   16 20 08.119  +42 28 30.43   0.59    v? 16 20 07.334 +42 28 45.35 603860                      nat
FCG J162035.6+252056   16 20 36.082  +25 21 12.81   1.51    v? 16 20 35.628 +25 20 56.72 604255                      wat
FCG J162228.9+264654   16 22 29.002  +26 47 15.82   0.94    v? 16 22 28.965 +26 46 54.44 606037                      mg wat
FCG J162346.3+101002   16 23 46.203  +10 09 59.30   1.86    v  16 23 46.334 +10 10 02.18 607159                      wat mg x? hook opposing arcs int
FCG J162455.7+464121   16 24 56.323  +46 41 19.18   1.05    c  16 24 55.793 +46 41 21.87 608257                      nat
FCG J162523.2+093229   16 25 24.090  +09 32 26.64   0.51    v? 16 25 23.208 +09 32 29.69 608688                      nat arc?
FCG J162610.1+545205   16 26 10.938  +54 52 11.05   0.42    c  16 26 10.195 +54 52 05.96 609469                      nat mg, if small system
FCG J162610.1+545220   16 26 12.210  +54 52 19.73   0.70    c  16 26 10.106 +54 52 20.04 609469                      nat mg, if large system
FCG J163031.4+285405   16 30 32.366  +28 54 14.85   1.93    c  16 30 31.453 +28 54 05.49 613225                      mg wat
FCG J163401.9+062637   16 34 02.465  +06 26 30.78   0.26    c  16 34 01.997 +06 26 37.18 616171                      nat arc
FCG J163424.2+341543   16 34 23.899  +34 15 41.99   0.92    c  16 34 24.219 +34 15 43.36 616477                      wat hooks
FCG J163801.0+375300   16 38 02.643  +37 52 56.84   1.50    c  16 38 01.091 +37 53 00.77 619603                      nat ring-lobe?
FCG J163932.7+534642   16 39 27.919  +53 46 46.72   1.91    c  16 39 32.709 +53 46 42.43 620836                      nat
FCG J164053.7+324726   16 40 53.839  +32 47 09.52   0.69    v  16 40 53.750 +32 47 26.93 622042                      nat arc?
FCG J164146.3+102147   16 41 46.505  +10 21 27.73   0.84    v  16 41 46.327 +10 21 47.25 622750                      wat/nat beads unu int
FCG J165204.9+305513   16 52 04.820  +30 55 22.80   0.47    c? 16 52 04.939 +30 55 13.18 630419                      nat arc?
FCG J165422.4+480846   16 54 24.699  +48 08 36.10   1.65    c  16 54 22.435 +48 08 46.76 632076                      nat/wat w? int
FCG J165618.5+435157   16 56 19.910  +43 51 42.54   1.09    c  16 56 18.532 +43 51 57.37 633468                      wat/nat dd?
FCG J165730.9+431953   16 57 30.996  +43 19 56.30   0.82    v  16 57 30.923 +43 19 53.15 634309                      nat mg, first system if pair
FCG J165733.5+431934   16 57 31.712  +43 19 27.20   1.24    v  16 57 33.514 +43 19 34.24 634309                      nat mg, if single system
FCG J165734.2+431909   16 57 33.870  +43 19 09.87   0.43    v  16 57 34.230 +43 19 09.08 634309                      nat mg, second system if pair
FCG J165842.8+191218   16 58 42.726  +19 12 14.91   0.85    v  16 58 42.836 +19 12 18.06 635127                      wat/nat mg x? unu
FCG J170333.5+414002   17 03 33.718  +41 39 57.82   0.57    v? 17 03 33.578 +41 40 02.54 638456                      nat mg
FCG J170451.5+245230   17 04 51.858  +24 52 31.87   0.54    v  17 04 51.553 +24 52 30.30 639370                      nat
FCG J170616.4+200652   17 06 16.525  +20 06 36.70   0.59    v  17 06 16.414 +20 06 52.42 640262                      wat dd unu
FCG J171041.4+423944   17 10 41.453  +42 39 51.08   1.11    v  17 10 41.455 +42 39 44.79 642952                      nat dd
FCG J171225.4+291020   17 12 25.977  +29 10 13.08   1.11    c? 17 12 25.470 +29 10 20.84 643948                      nat ring? int
FCG J171621.8+260751   17 16 22.210  +26 08 03.08   1.20    v  17 16 21.814 +26 07 51.44 646246                      wat
FCG J171726.1+373504   17 17 25.207  +37 35 13.33   0.91    v? 17 17 26.157 +37 35 04.03 646833                      nat dd?
FCG J172151.6+472536   17 21 51.584  +47 25 47.92   0.45    c? 17 21 51.632 +47 25 36.10 649306                      nat
FCG J172320.6+355809   17 23 19.337  +35 58 00.29   1.55    v  17 23 20.699 +35 58 09.24 649941                      wat w
FCG J172649.9+510332   17 26 49.794  +51 03 26.48   0.96    v  17 26 49.960 +51 03 32.77 651502                      wat tri? int
FCG J172815.5+365103   17 28 16.115  +36 51 07.14   0.34    c  17 28 15.581 +36 51 03.77 652110                      nat ring
FCG J172919.7+541528   17 29 20.217  +54 15 17.68   0.55    v  17 29 19.765 +54 15 28.68 652478                      nat/wat ring?
FCG J212546.5+005550   21 25 43.558  +00 55 53.17   1.71    v  21 25 46.545 +00 55 50.02 657626                      nat
FCG J215701.5-075026   21 57 02.120  -07 50 31.40   0.98    v  21 57 01.585 -07 50 26.74 661340                      nat almost ring
FCG J221842.8-092139   22 18 42.594  -09 21 29.34   1.27    c  22 18 42.805 -09 21 39.35 663870                      wat distorted
FCG J223902.4-093235   22 39 02.665  -09 32 43.07   0.51    c  22 39 02.448 -09 32 35.59 666450                      nat
FCG J225404.4-001037   22 54 05.103  -00 10 36.38   0.98    v? 22 54 04.422 -00 10 37.16 668339                      nat
FCG J231255.0-001503   23 12 54.213  -00 15 13.56   0.69    v  23 12 55.022 -00 15 03.60 670656                      nat dd mg
FCG J233731.9+004340   23 37 31.414  +00 43 31.64   1.07    c  23 37 31.977 +00 43 40.07 673660                      wat hymor ring-lobe
FCG J233744.3-004208   23 37 45.695  -00 41 53.75   1.18    c? 23 37 44.313 -00 42 08.09 673698                      wat/nat td?
FCG J235154.5+003310   23 51 54.329  +00 33 19.69   0.93    c  23 51 54.507 +00 33 10.56 675436                      nat
