FCG J014001.7-101206   01 39 59.890  -10 12 13.15   1.09       01 40 01.763 -10 12 06.82 012331                      with resolved jet?
FCG J020025.6-075753   02 00 26.361  -07 57 54.19   0.57       02 00 25.616 -07 57 53.55 014831                     
FCG J021612.2-010518   02 16 12.209  -01 05 18.75   0.51       02 16 12.209 -01 05 18.75 018460                      both sides
FCG J021839.6-002151   02 18 39.991  -00 21 45.08   0.40       02 18 39.630 -00 21 51.49 019015                     
FCG J070725.8+450314   07 07 24.389  +45 03 11.23   0.70       07 07 25.868 +45 03 14.69 028354                      mg
FCG J071030.5+562237   07 10 31.483  +56 22 38.05   0.42       07 10 30.541 +56 22 37.97 029472                     
FCG J072147.8+430240   07 21 49.791  +43 02 31.19   0.77       07 21 47.826 +43 02 40.74 034816                      dl
FCG J072409.6+490054   07 24 08.606  +49 01 01.24   0.55       07 24 09.685 +49 00 54.44 036230                      ss
FCG J073113.7+325133   07 31 14.068  +32 51 21.50   0.49       07 31 13.707 +32 51 33.73 040539                      nat?
FCG J073352.5+502209   07 33 52.855  +50 22 07.77   0.31       07 33 52.526 +50 22 09.06 042172                     
FCG J073704.1+360318   07 37 04.179  +36 03 23.82   0.30       07 37 04.107 +36 03 18.89 044194                      int double on one side
FCG J073846.9+205825   07 38 46.173  +20 58 13.28   0.56       07 38 46.963 +20 58 25.23 045393                     
FCG J074129.1+401329   07 41 29.181  +40 13 20.08   0.31       07 41 29.183 +40 13 29.42 047239                     
FCG J074702.3+324720   07 47 02.958  +32 47 17.43   0.31       07 47 02.336 +32 47 20.13 051387                      int double on one side
FCG J075219.8+411552   07 52 20.113  +41 15 46.61   0.38       07 52 19.878 +41 15 52.77 055380                     
FCG J081508.0+111017   08 15 08.067  +11 10 10.95   0.24       08 15 08.090 +11 10 17.76 074727                     
FCG J081649.8+124433   08 16 50.752  +12 44 26.84   0.53       08 16 49.825 +12 44 33.45 076352                     
FCG J082335.7+113206   08 23 35.579  +11 31 45.90   0.75       08 23 35.751 +11 32 06.99 082918                     
FCG J083214.6+395244   08 32 15.200  +39 53 05.10   0.69       08 32 14.664 +39 52 44.80 091378                     
FCG J083315.0+350647   08 33 15.680  +35 06 45.04   0.25       08 33 15.097 +35 06 47.40 092352                     
FCG J083535.2+474435   08 35 36.543  +47 44 44.72   0.50       08 35 35.259 +47 44 35.91 094705                     
FCG J083840.8+380553   08 38 41.221  +38 05 45.01   0.32       08 38 40.864 +38 05 53.65 098048                      wat??
FCG J083840.9+380646   08 38 41.804  +38 06 45.02   0.35       08 38 40.946 +38 06 46.50 098048                      wat??
FCG J084503.7-004929   08 45 03.468  -00 49 21.54   0.48       08 45 03.746 -00 49 29.79 104649                     
FCG J084537.7+260800   08 45 37.238  +26 08 09.55   0.42       08 45 37.741 +26 08 00.79 105253                     
FCG J084637.2+171751   08 46 36.987  +17 17 47.25   0.35       08 46 37.294 +17 17 51.70 106306                     
FCG J084714.0+211602   08 47 14.109  +21 15 55.01   0.24       08 47 14.073 +21 16 02.61 106992                      sz?
FCG J085441.9+575730   08 54 42.267  +57 57 25.01   0.40       08 54 41.973 +57 57 30.13 114909                     
FCG J090127.4+043304   09 01 28.552  +04 33 11.31   0.55       09 01 27.451 +04 33 04.38 122344                     
FCG J090840.6+453642   09 08 39.616  +45 36 28.90   0.54       09 08 40.605 +45 36 42.24 130225                     
FCG J091331.8+272109   09 13 32.200  +27 21 13.23   0.35       09 13 31.886 +27 21 09.91 135709                     
FCG J091905.3+351817   09 19 05.123  +35 18 20.06   0.27       09 19 05.370 +35 18 17.47 141880                     
FCG J092028.6+401857   09 20 28.997  +40 18 53.87   0.27       09 20 28.670 +40 18 57.66 143487                      mg may be larger
FCG J092119.0-022944   09 21 18.523  -02 29 41.24   0.29       09 21 19.077 -02 29 44.53 144375                      mg
FCG J092341.4-013742   09 23 40.683  -01 37 45.01   0.42       09 23 41.468 -01 37 42.59 146954                      mg
FCG J092412.6-070149   09 24 12.857  -07 01 47.92   0.31       09 24 12.696 -07 01 49.60 147578                     
FCG J093741.1+513034   09 37 41.951  +51 30 30.11   0.30       09 37 41.172 +51 30 34.86 162451                     
FCG J094311.0+201125   09 43 10.394  +20 11 29.88   0.54       09 43 11.070 +20 11 25.84 168546                      nat??
FCG J094722.5+423830   09 47 22.812  +42 38 37.77   0.35       09 47 22.576 +42 38 30.71 173283                     
FCG J095023.8+355703   09 50 22.686  +35 56 59.61   0.67       09 50 23.893 +35 57 03.87 176599                     
FCG J095737.9+551106   09 57 38.882  +55 11 07.41   0.24       09 57 37.969 +55 11 06.63 184618                     
FCG J100252.6+122849   10 02 53.321  +12 28 54.77   0.40       10 02 52.628 +12 28 49.90 190498                     
FCG J100305.0+253658   10 03 04.958  +25 37 02.14   0.40       10 03 05.087 +25 36 58.77 190701                      tb
FCG J102214.3+113840   10 22 14.003  +11 38 17.88   0.75       10 22 14.316 +11 38 40.80 212283                     
FCG J102707.2+025807   10 27 07.698  +02 58 05.40   0.31       10 27 07.216 +02 58 07.25 217684                     
FCG J103213.9+275700   10 32 13.914  +27 56 56.34   0.15       10 32 13.952 +27 57 00.77 223316                     
FCG J104357.3-065617   10 43 56.926  -06 56 20.05   0.36       10 43 57.365 -06 56 17.48 236187                      nat?
FCG J105026.2+092547   10 50 26.018  +09 25 57.42   0.48       10 50 26.282 +09 25 47.91 243223                      ss?
FCG J105111.1-070422   10 51 11.101  -07 04 35.36   0.40       10 51 11.155 -07 04 22.34 244138                      FRII lobe?
FCG J105156.2+182557   10 51 56.748  +18 25 53.49   0.27       10 51 56.284 +18 25 57.85 244985                      mg
FCG J105624.7+164429   10 56 26.243  +16 44 31.62   0.69       10 56 24.792 +16 44 29.72 249969                      ss?
FCG J105626.7+015833   10 56 27.757  +01 58 29.88   0.46       10 56 26.779 +01 58 33.68 250001                      dd beads
FCG J110558.4+350118   11 05 58.867  +35 01 12.45   0.34       11 05 58.472 +35 01 18.90 260283                     
FCG J112023.1+540426   11 20 22.119  +54 04 24.96   0.54       11 20 23.161 +54 04 26.93 276080                     
FCG J112159.6+421909   11 22 00.089  +42 19 21.57   0.65       11 21 59.683 +42 19 09.27 278105                     
FCG J112239.7+335314   11 22 39.259  +33 53 17.54   0.57       11 22 39.792 +33 53 14.04 278698                     
FCG J114047.8+462204   11 40 47.680  +46 21 52.03   0.42       11 40 47.897 +46 22 04.82 299027                      nat? dl unu
FCG J114122.7+532624   11 41 21.517  +53 26 05.98   0.82       11 41 22.780 +53 26 24.50 299623                     
FCG J114751.5-072440   11 47 51.724  -07 24 46.13   0.42       11 47 51.566 -07 24 40.98 306807                     
FCG J115354.8+074624   11 53 54.893  +07 46 24.86   0.48       11 53 54.876 +07 46 24.63 313683                      both sides
FCG J115444.5+214624   11 54 44.372  +21 46 16.47   0.40       11 54 44.584 +21 46 24.14 314671                     
FCG J120045.4+285747   12 00 46.330  +28 57 40.31   0.44       12 00 45.494 +28 57 47.91 321369                     
FCG J120055.2+032655   12 00 53.290  +03 26 35.97   1.29       12 00 55.261 +03 26 55.49 321465                      rc?
FCG J120155.2+120623   12 01 55.057  +12 06 17.24   0.27       12 01 55.215 +12 06 23.76 322588                     
FCG J120529.1+183324   12 05 29.119  +18 33 08.30   0.61       12 05 29.153 +18 33 24.16 326631                     
FCG J120533.6+171750   12 05 33.747  +17 17 51.66   0.18       12 05 33.625 +17 17 50.21 326690                     
FCG J121329.9+455850   12 13 30.202  +45 58 57.12   0.36       12 13 29.963 +45 58 50.42 335555                     
FCG J121503.9+165437   12 15 04.080  +16 54 36.46   0.24       12 15 03.977 +16 54 37.79 337272                      both sides t cat missed second jet
FCG J121750.4+454249   12 17 50.544  +45 42 55.44   0.38       12 17 50.465 +45 42 49.60 340294                     
FCG J122544.8+193707   12 25 45.180  +19 36 48.05   0.59       12 25 44.804 +19 37 07.40 349083                     
FCG J123229.6+201035   12 32 29.416  +20 10 37.71   0.27       12 32 29.635 +20 10 35.53 356187                      mg wat? tri?? may be larger
FCG J123245.2+332642   12 32 44.866  +33 26 35.00   0.50       12 32 45.297 +33 26 42.76 356422                      mg nat?? int
FCG J123529.1+531446   12 35 28.553  +53 14 51.04   0.35       12 35 29.198 +53 14 46.36 359440                     
FCG J123723.5+170940   12 37 23.591  +17 09 45.05   0.30       12 37 23.516 +17 09 40.00 361488                     
FCG J125033.8-042646   12 50 33.947  -04 26 47.75   0.18       12 50 33.885 -04 26 46.42 375849                      rc
FCG J125431.9+613455   12 54 31.510  +61 35 00.81   0.26       12 54 31.962 +61 34 55.70 380160                      dl
FCG J125837.8+255006   12 58 35.986  +25 49 50.81   1.07       12 58 37.862 +25 50 06.20 384677                     
FCG J130305.7+504135   13 03 05.905  +50 41 34.06   0.31       13 03 05.784 +50 41 35.44 389609                      both sides rc third entry tail
FCG J130559.2+182404   13 05 59.324  +18 23 53.91   0.35       13 05 59.222 +18 24 04.38 392793                     
FCG J130833.5+192722   13 08 34.075  +19 27 08.55   0.49       13 08 33.544 +19 27 22.06 395784                     
FCG J131419.2-050239   13 14 19.578  -05 02 42.28   0.30       13 14 19.294 -05 02 39.69 402111                     
FCG J132558.9+411500   13 25 59.365  +41 15 05.01   0.27       13 25 58.947 +41 15 00.45 414976                     
FCG J132606.3+025126   13 26 06.422  +02 51 25.54   0.17       13 26 06.392 +02 51 26.72 415091                      mg
FCG J133203.8+024702   13 32 03.742  +02 47 09.76   0.36       13 32 03.803 +02 47 02.44 421532                     
FCG J134452.1-040945   13 44 52.185  -04 09 42.13   0.25       13 44 52.180 -04 09 45.34 435729                     
FCG J135759.7+365036   13 58 00.090  +36 50 33.82   0.17       13 57 59.719 +36 50 36.39 450243                     
FCG J141732.8+523816   14 17 32.893  +52 38 19.91   0.25       14 17 32.832 +52 38 16.21 471943                     
FCG J142056.1+052908   14 20 56.938  +05 29 03.31   0.40       14 20 56.197 +05 29 08.48 475765                      mg irr?
FCG J142158.2+445847   14 21 58.593  +44 58 45.54   0.24       14 21 58.203 +44 58 47.50 476872                     
FCG J150803.4+103640   15 08 03.710  +10 36 34.16   0.35       15 08 03.407 +10 36 40.07 528235                      double on one side mg tri unu
FCG J151345.5+332157   15 13 45.828  +33 21 47.35   0.33       15 13 45.560 +33 21 57.90 534473                      may be larger
FCG J151740.3+213127   15 17 40.808  +21 31 21.56   0.32       15 17 40.326 +21 31 27.41 538832                      rc
FCG J151744.8-023808   15 17 44.197  -02 38 23.01   0.54       15 17 44.880 -02 38 08.65 538890                     
FCG J152119.3+023102   15 21 20.844  +02 31 07.01   0.94       15 21 19.388 +02 31 02.61 542840                      nat/wat? rc interacting?
FCG J155322.0+061316   15 53 21.805  +06 13 20.79   0.34       15 53 22.036 +06 13 16.04 577593                     
FCG J155332.5+112937   15 53 32.067  +11 29 44.68   0.34       15 53 32.580 +11 29 37.35 577815                     
FCG J160509.8+112243   16 05 09.290  +11 22 54.19   0.60       16 05 09.803 +11 22 43.80 589659                     
FCG J161920.0+553603   16 19 19.419  +55 35 50.62   0.50       16 19 20.008 +55 36 03.63 603153                     
FCG J163142.7+252200   16 31 43.261  +25 21 51.01   0.42       16 31 42.765 +25 22 00.89 614160                     
FCG J163914.5+204416   16 39 14.274  +20 44 10.06   0.35       16 39 14.526 +20 44 16.92 620608                     
FCG J164424.4+264005   16 44 25.167  +26 40 09.95   0.35       16 44 24.457 +26 40 05.99 624714                     
FCG J165543.2+344609   16 55 43.890  +34 45 57.15   0.41       16 55 43.283 +34 46 09.89 633087                     
FCG J170112.3+353353   17 01 11.747  +35 33 43.73   0.55       17 01 12.373 +35 33 53.29 636844                      sz?
