FCG J002216.5+010403   00 22 16.564  +01 04 03.27   0.62                                 002814                      dd?
FCG J002644.9-090620   00 26 45.390  -09 06 27.05   0.84    v  00 26 44.954 -09 06 20.22 003324                      rc b? pinwheel  SDSS galaxy
FCG J003432.6-093444   00 34 32.769  -09 34 46.13   0.44    c  00 34 32.619 -09 34 44.52 004286                      dl
FCG J014519.7-015951   01 45 19.751  -01 59 51.82   0.78                                 012983                      sz x? hook int pretzel
FCG J020613.2-021504   02 06 13.589  -02 15 02.89   0.43    c  02 06 13.276 -02 15 04.61 016139                     
FCG J021534.3-032202   02 15 34.364  -03 22 02.71   0.81                                 018298                      x? dl?
FCG J031357.1-001531   03 13 56.960  -00 15 33.04   0.96    c  03 13 57.133 -00 15 31.24 025114                      dl
FCG J065616.9+554319   06 56 16.963  +55 43 19.96   0.96                                 025902                      tb? dl?
FCG J070140.5+485747   07 01 40.544  +48 57 47.35   0.65                                 026831                      rc pinwheel int
FCG J070745.9+391633   07 07 45.246  +39 16 38.69   0.72    c  07 07 45.924 +39 16 33.58 028482                      dl
FCG J070754.2+492952   07 07 54.439  +49 29 52.90   0.68    c  07 07 54.209 +49 29 52.63 028532                      dl? hook
FCG J071245.0+543011   07 12 44.938  +54 30 12.96   0.67    v  07 12 45.068 +54 30 11.31 030329                      dl
FCG J071501.6+404820   07 15 01.685  +40 48 20.31   0.68                                 031281                      dl
FCG J071523.8+552852   07 15 23.894  +55 28 52.70   0.87                                 031459                      dl
FCG J072535.0+341540   07 25 35.594  +34 15 38.77   0.92    c  07 25 35.006 +34 15 40.55 037087                     
FCG J072800.9+493517   07 28 01.963  +49 35 12.07   1.46    c  07 28 00.977 +49 35 17.17 038551                      nice dd?
FCG J072949.7+274944   07 29 48.445  +27 49 47.24   0.87    v? 07 29 49.721 +27 49 44.62 039647                      dl, core id ambiguous
FCG J073202.4+274530   07 32 02.427  +27 45 21.78   0.79    c  07 32 02.418 +27 45 30.93 041047                      dl
FCG J073837.7+482046   07 38 37.449  +48 20 45.34   0.51    c  07 38 37.740 +48 20 46.70 045293                      dl
FCG J074041.9+345843   07 40 41.894  +34 58 43.31   1.60    v  07 40 41.958 +34 58 43.31 046666                      dd? dl
FCG J074242.6+374403   07 42 42.658  +37 44 03.10   0.82                                 048169                      dd?
FCG J074317.7+344101   07 43 17.786  +34 41 01.79   0.34                                 048585                     
FCG J074552.9+160421   07 45 52.994  +16 04 21.73   0.95                                 050542                      dl
FCG J075446.3+505906   07 54 46.385  +50 59 06.31   1.02                                 057248                     
FCG J080115.9+610942   08 01 15.926  +61 09 42.27   0.27                                 062456                      dl
FCG J081218.5+595922   08 12 19.005  +59 59 21.75   0.57    c  08 12 18.566 +59 59 22.09 072118                      x? dl? int
FCG J081617.8+100509   08 16 17.734  +10 05 11.59   0.57    v  08 16 17.866 +10 05 09.92 075818                      dl?
FCG J081716.1+171508   08 17 16.309  +17 15 10.63   0.69    v  08 17 16.139 +17 15 08.03 076779                      dl?
FCG J081853.6+224742   08 18 53.680  +22 47 42.06   0.87                                 078341                      dl dd
FCG J081855.0+200616   08 18 55.004  +20 06 16.18   0.78                                 078370                      dl
FCG J082110.3+354729   08 21 10.496  +35 47 32.83   0.31    v  08 21 10.367 +35 47 29.68 080562                      dl
FCG J082556.5+314709   08 25 56.217  +31 47 05.55   1.41    v  08 25 56.523 +31 47 09.39 085235                      int
FCG J082608.6+035856   08 26 08.387  +03 58 56.59   0.67    v  08 26 08.654 +03 58 56.70 085419                      dl
FCG J082745.5+161549   08 27 46.015  +16 15 46.78   1.58    c  08 27 45.530 +16 15 49.61 086938                     
FCG J083153.0+012551   08 31 53.153  +01 25 46.77   0.55    v  08 31 53.008 +01 25 51.71 090992                     
FCG J083448.7+173651   08 34 48.896  +17 36 51.65   2.72    c  08 34 48.731 +17 36 51.85 093909                      dd? td?
FCG J083704.0+055819   08 37 04.053  +05 58 19.33   0.62                                 096259                     
FCG J083807.3+322745   08 38 07.545  +32 27 46.34   1.24    c  08 38 07.309 +32 27 45.64 097422                     
FCG J084104.8+170707   08 41 04.683  +17 07 05.62   0.45    c  08 41 04.829 +17 07 07.44 100452                     
FCG J084146.4+160734   08 41 46.132  +16 07 39.20   0.59    v  08 41 46.403 +16 07 34.88 101152                      nat?
FCG J084437.6+364343   08 44 38.092  +36 43 39.84   1.33    c  08 44 37.675 +36 43 43.46 104199                     
FCG J084446.7+115453   08 44 46.921  +11 54 56.59   2.05    v  08 44 46.761 +11 54 53.44 104320                      dl? nat?
FCG J084448.9+010822   08 44 48.891  +01 08 22.85   0.84    c  08 44 48.930 +01 08 22.32 104393                      dd?
FCG J084508.8+403115   08 45 08.601  +40 31 17.69   0.49    v  08 45 08.819 +40 31 15.67 104728                     
FCG J084525.2+521739   08 45 25.293  +52 17 42.13   0.96    c  08 45 25.263 +52 17 39.88 105035                     
FCG J084526.0-005200   08 45 26.070  -00 52 00.16   1.04                                 105043                     
FCG J084539.1-003038   08 45 39.583  -00 30 28.13   1.66    v  08 45 39.163 -00 30 38.35 105294                      dl
FCG J085101.9+080049   08 51 02.185  +08 00 45.29   0.96    c  08 51 01.954 +08 00 49.34 111096                     
FCG J085224.4+490543   08 52 24.562  +49 05 43.61   0.31    c  08 52 24.405 +49 05 43.53 112476                     
FCG J085350.5+132104   08 53 50.431  +13 21 01.02   0.43    c  08 53 50.511 +13 21 04.58 114091                     
FCG J085447.5+274042   08 54 47.608  +27 40 43.28   0.47    c  08 54 47.563 +27 40 42.82 115077                     
FCG J085634.7+603957   08 56 35.138  +60 39 55.94   0.81    c  08 56 34.790 +60 39 57.55 117058                      dl
FCG J085717.2+094825   08 57 17.220  +09 48 25.55   1.34                                 117770                      dl?
FCG J085743.0-050424   08 57 43.045  -05 04 24.66   0.53                                 118247                     
FCG J090121.6+382801   09 01 21.764  +38 28 00.61   0.72    c  09 01 21.612 +38 28 01.12 122215                      hook ring-lobe? bifurcation int
FCG J090236.8+520347   09 02 36.869  +52 03 47.19   1.18                                 123583                      hook dl int
FCG J090438.4+063458   09 04 38.460  +06 34 58.45   0.42                                 125862                     
FCG J090440.8+145449   09 04 40.878  +14 54 49.25   0.95                                 125893                     
FCG J090754.0+492213   09 07 54.083  +49 22 18.62   0.63    v  09 07 54.004 +49 22 13.90 129312                      w?
FCG J090843.0+570324   09 08 43.099  +57 03 22.25   0.91    v  09 08 43.002 +57 03 24.60 130266                      arc
FCG J091335.0+031725   09 13 34.914  +03 17 28.95   0.76    v  09 13 35.019 +03 17 25.81 135779                      mg unu may be two systems
FCG J091339.0+031722   09 13 39.060  +03 17 22.69   0.43    c  09 13 39.095 +03 17 22.09 135779                      mg wat? unu may be larger single system
FCG J091354.6+293117   09 13 55.139  +29 31 34.11   1.12    c  09 13 54.609 +29 31 17.41 136179                      dl
FCG J091404.0+171535   09 14 04.068  +17 15 35.10   0.67                                 136344                      mg int, catalog didn't capture morphology well
FCG J091415.5+211636   09 14 15.240  +21 16 40.35   0.50    c  09 14 15.591 +21 16 36.40 136532                      dl
FCG J091602.2+535749   09 16 02.129  +53 57 46.50   0.39    c  09 16 02.290 +53 57 49.89 138485                     
FCG J091709.6+142535   09 17 09.606  +14 25 35.96   0.86                                 139771                      dl?
FCG J091812.9-065058   09 18 12.929  -06 50 58.40   1.03                                 140942                     
FCG J091928.8+273214   09 19 28.900  +27 32 09.32   0.63    c  09 19 28.877 +27 32 14.03 142329                      w
FCG J092017.4+310634   09 20 17.944  +31 06 33.83   1.32    c  09 20 17.438 +31 06 34.19 143261                     
FCG J092114.4+075541   09 21 14.457  +07 55 41.36   0.72                                 144354                     
FCG J092140.6+172700   09 21 40.942  +17 26 52.79   0.92    c  09 21 40.646 +17 27 00.12 144848                     
FCG J092401.3+403455   09 24 01.588  +40 34 57.80   0.59    v  09 24 01.312 +40 34 55.44 147351                      dl
FCG J092447.2+423347   09 24 46.669  +42 33 50.09   0.62    v  09 24 47.205 +42 33 47.31 148172                      x? dl butterfly int
FCG J092856.8+073619   09 28 56.816  +07 36 12.02   0.82    c  09 28 56.817 +07 36 19.28 152835                     
FCG J092902.1+104133   09 29 02.116  +10 41 33.26   0.86                                 152923                      dl?
FCG J093238.3+161157   09 32 38.326  +16 11 57.18   4.01    c  09 32 38.315 +16 11 57.78 156829                      dd? x distorted int
FCG J093310.8-031039   09 33 10.838  -03 10 39.48   0.66                                 157499                     
FCG J093324.6+222238   09 33 24.172  +22 22 38.35   1.27    c  09 33 24.620 +22 22 38.11 157735                      w
FCG J093616.4-045535   09 36 16.437  -04 55 35.39   1.02                                 160852                      mg nat+? hook? tri? unu
FCG J094103.6+312617   09 41 03.458  +31 26 12.26   2.48    v  09 41 03.641 +31 26 17.77 166237                      dl
FCG J094201.7+084736   09 42 01.220  +08 47 35.46   1.38    c  09 42 01.753 +08 47 36.90 167239                      dl? ring-lobe
FCG J094543.3+060359   09 45 43.402  +06 03 57.74   0.87    c  09 45 43.303 +06 03 59.18 171368                      dl?
FCG J094953.6+445655   09 49 53.678  +44 56 55.38   1.43                                 176050                      x? dl
FCG J095047.0-025817   09 50 47.349  -02 58 11.42   0.83    v  09 50 47.049 -02 58 17.85 177037                      ring-lobe core catalog position off?
FCG J095129.8+471151   09 51 29.596  +47 11 49.81   0.80    v  09 51 29.828 +47 11 51.38 177785                      dd?
FCG J095304.6+592310   09 53 05.288  +59 23 04.33   0.86    c  09 53 04.654 +59 23 10.17 179577                     
FCG J095818.3+303117   09 58 18.182  +30 31 09.98   0.79    c  09 58 18.327 +30 31 17.10 185360                      nat? hook neat int
FCG J095833.2+561938   09 58 33.414  +56 19 40.80   1.78    c  09 58 33.296 +56 19 38.16 185590                     
FCG J100003.1+604746   10 00 03.195  +60 47 46.25   0.57                                 187278                      x?
FCG J100347.7+294428   10 03 47.814  +29 44 23.98   1.27    c  10 03 47.700 +29 44 28.85 191559                      dl?
FCG J100501.4+300018   10 05 01.193  +30 00 17.54   0.47    c  10 05 01.414 +30 00 18.09 192940                      hook
FCG J100709.8+133553   10 07 09.893  +13 35 53.00   0.67    c  10 07 09.859 +13 35 53.70 195253                     
FCG J100804.0+502643   10 08 04.691  +50 26 39.40   0.72    c  10 08 04.036 +50 26 43.38 196280                      hook
FCG J100854.5+461301   10 08 54.626  +46 12 57.10   0.89    c  10 08 54.528 +46 13 01.82 197236                      dl?
FCG J101128.0+525726   10 11 27.973  +52 57 22.21   0.47    c  10 11 28.040 +52 57 26.65 200254                      dl?
FCG J101134.8-060751   10 11 34.808  -06 07 52.28   0.24    c  10 11 34.823 -06 07 51.73 200340                      dl
FCG J101149.3+412709   10 11 49.453  +41 27 08.51   1.39    c  10 11 49.337 +41 27 09.14 200558                      dd?
FCG J101418.1+350726   10 14 17.969  +35 07 27.49   0.89    v  10 14 18.142 +35 07 26.61 203357                     
FCG J101446.4+245521   10 14 46.487  +24 55 15.89   0.49    c  10 14 46.425 +24 55 21.11 203821                     
FCG J101557.5+483759   10 15 57.544  +48 37 57.94   1.82    v  10 15 57.576 +48 37 59.13 205183                      cat missed core
FCG J101659.2+311918   10 16 59.212  +31 19 18.65   0.55                                 206388                      hook?
FCG J101939.4+125149   10 19 39.485  +12 51 49.97   0.65                                 209284                     
FCG J102151.5+163430   10 21 51.598  +16 34 30.86   1.08                                 211820                     
FCG J102156.8+144333   10 21 56.821  +14 43 33.96   2.14                                 211979                      mg dl int
FCG J102315.9-063633   10 23 15.997  -06 36 33.11   0.79                                 213429                      dd?
FCG J102457.2+274357   10 24 57.279  +27 43 57.52   0.60                                 215359                      w
FCG J102856.4+194341   10 28 56.445  +19 43 41.33   0.64                                 219686                      x?
FCG J103309.5+430111   10 33 09.011  +43 01 11.07   0.52    v  10 33 09.569 +43 01 11.17 224299                      dl? nat?
FCG J103542.9+483130   10 35 42.686  +48 31 32.73   0.50    v  10 35 42.951 +48 31 30.81 227090                      dd?
FCG J103605.7+000606   10 36 06.439  +00 06 04.65   2.50    c  10 36 05.724 +00 06 06.62 227469                      hook beautiful
FCG J103636.3+383507   10 36 37.074  +38 34 55.11   1.67    c  10 36 36.319 +38 35 07.54 228046                      wat??
FCG J103641.2+210034   10 36 41.273  +21 00 34.28   1.02                                 228134                     
FCG J103856.4+575247   10 38 56.285  +57 52 41.06   1.54    c  10 38 56.406 +57 52 47.46 230609                     
FCG J103932.0+074409   10 39 32.026  +07 44 09.27   0.79                                 231290                      x?
FCG J103932.0+263244   10 39 32.054  +26 32 44.26   0.84                                 231294                     
FCG J103955.1+141904   10 39 55.452  +14 18 56.84   0.74    c  10 39 55.101 +14 19 04.16 231784                     
FCG J104022.4+505622   10 40 22.471  +50 56 22.77   0.87    c  10 40 22.457 +50 56 22.94 232272                      dd? hook neat
FCG J104051.2+330655   10 40 51.202  +33 06 55.28   1.33                                 232787                      x? bifurcation
FCG J104324.0+083258   10 43 23.916  +08 33 07.74   2.12    c  10 43 24.085 +08 32 58.32 235560                      dl dd?
FCG J104358.2+075917   10 43 58.283  +07 59 17.34   0.42                                 236213                     
FCG J104556.8+271759   10 45 56.783  +27 17 56.08   0.96    c  10 45 56.863 +27 17 59.54 238300                     
FCG J104604.2+382801   10 46 04.225  +38 28 01.27   0.58                                 238468                      rc?
FCG J104707.5+431908   10 47 07.734  +43 19 09.75   0.76    v  10 47 07.518 +43 19 08.17 239604                      dd?
FCG J104856.0+461410   10 48 56.386  +46 14 08.57   1.93    c  10 48 56.039 +46 14 10.35 241624                      dl?
FCG J105127.2+074254   10 51 27.223  +07 42 54.55   0.59                                 244446                      dd?
FCG J105300.5+293355   10 53 00.567  +29 33 47.45   1.09    c  10 53 00.526 +29 33 55.78 246229                      dl
FCG J105615.1+112849   10 56 15.188  +11 28 49.28   0.72                                 249782                      wat? ss? core id ambiguous
FCG J110701.4+321949   11 07 01.490  +32 19 49.70   0.62                                 261397                      dl?
FCG J110843.8+611707   11 08 43.877  +61 17 07.82   0.80                                 263436                     
FCG J110941.0+401426   11 09 41.016  +40 14 26.72   0.65                                 264546                     
FCG J111011.0+533057   11 10 10.912  +53 31 05.91   1.74    c  11 10 11.024 +53 30 57.76 265117                     
FCG J111112.1-023108   11 11 12.464  -02 31 09.17   1.32    c  11 11 12.122 -02 31 08.94 266267                      core id ambiguous
FCG J111247.7-053701   11 12 47.844  -05 37 01.66   0.99    v  11 12 47.738 -05 37 01.66 268027                      neat dd ring-lobe
FCG J111629.7-071321   11 16 29.704  -07 13 21.28   0.85                                 272072                     
FCG J111632.4+515617   11 16 31.974  +51 56 13.03   1.02    c  11 16 32.483 +51 56 17.24 272093                      dl
FCG J111716.6+575809   11 17 16.418  +57 58 06.52   0.84    c  11 17 16.621 +57 58 09.84 272972                      dl?
FCG J111739.4+060056   11 17 39.495  +06 00 56.91   0.68                                 273412                      dd?
FCG J111809.5-013147   11 18 09.709  -01 31 42.62   0.52    c  11 18 09.592 -01 31 47.48 273982                      dl
FCG J112005.4+342931   11 20 05.437  +34 29 31.90   0.68                                 276046                     
FCG J112229.5+212448   11 22 29.533  +21 24 42.83   1.02    c  11 22 29.599 +21 24 48.37 278643                      dl w? distorted
FCG J112254.3+010651   11 22 53.869  +01 06 50.08   1.48    c  11 22 54.335 +01 06 51.71 279034                      dl
FCG J112303.6+434753   11 23 03.658  +43 48 00.36   0.84    c  11 23 03.676 +43 47 53.80 279250                      dl
FCG J112539.9+582734   11 25 39.558  +58 27 32.20   0.49    v  11 25 39.945 +58 27 34.51 282161                      distorted dd? dl w
FCG J112654.0+211742   11 26 53.938  +21 17 40.53   1.01    c  11 26 54.088 +21 17 42.71 283532                     
FCG J113413.3-011403   11 34 13.392  -01 14 05.08   1.66    c  11 34 13.390 -01 14 03.62 291823                     
FCG J113746.3+582803   11 37 46.947  +58 28 02.07   1.75    c  11 37 46.383 +58 28 03.17 295580                     
FCG J113850.2+203918   11 38 50.234  +20 39 15.18   0.47    c  11 38 50.281 +20 39 18.47 296813                      dl
FCG J113903.7-041902   11 39 04.232  -04 19 04.03   1.27    c  11 39 03.723 -04 19 02.14 297067                      distorted
FCG J113931.7+603315   11 39 31.719  +60 33 15.68   0.54                                 297554                      dd
FCG J114034.4+440547   11 40 34.497  +44 05 45.16   1.24    c  11 40 34.455 +44 05 47.82 298636                      wiggle w
FCG J114258.7+015421   11 42 58.683  +01 54 19.22   0.63    c  11 42 58.722 +01 54 21.74 301368                      x? hook?
FCG J114417.9+380448   11 44 18.174  +38 04 49.07   1.30    c  11 44 17.986 +38 04 48.35 302771                      dl?
FCG J114737.8+622750   11 47 37.327  +62 27 50.12   0.42    v  11 47 37.827 +62 27 50.91 306578                      dd?
FCG J114933.1+202942   11 49 33.125  +20 29 42.85   0.32                                 308735                     
FCG J115123.2+084228   11 51 23.265  +08 42 28.29   0.78                                 310850                     
FCG J115138.4+400616   11 51 38.400  +40 06 17.98   0.60    v  11 51 38.470 +40 06 16.86 311093                      dl? dd?
FCG J115246.6+081611   11 52 46.470  +08 16 11.37   1.66    c  11 52 46.660 +08 16 11.47 312379                      ppd
FCG J115259.5+332529   11 52 59.398  +33 25 32.83   0.78    v  11 52 59.529 +33 25 29.11 312649                      rc?
FCG J115645.0+213810   11 56 45.068  +21 38 10.91   0.46                                 316943                      dl
FCG J115923.4+412518   11 59 23.602  +41 25 18.39   0.68    c  11 59 23.400 +41 25 18.54 319817                      dl?
FCG J120240.5-031439   12 02 40.908  -03 14 40.09   0.84    c  12 02 40.569 -03 14 39.31 323457                      dl
FCG J120248.6+325944   12 02 48.521  +32 59 46.43   0.61    v  12 02 48.625 +32 59 44.66 323609                      wiggle w
FCG J120340.8+315857   12 03 40.838  +31 58 57.37   0.84                                 324624                      dd? dl
FCG J120406.9+553113   12 04 06.869  +55 31 11.21   0.77    v  12 04 06.978 +55 31 13.18 325087                      dl
FCG J120425.2+034509   12 04 25.598  +03 44 58.63   0.68    c  12 04 25.298 +03 45 09.33 325448                      prototypical hook neat int -similarities to pretzel?
FCG J121102.4+453917   12 11 02.742  +45 39 12.91   0.60    c  12 11 02.428 +45 39 17.73 332733                      x
FCG J121153.6+425415   12 11 54.122  +42 54 06.61   1.47    c  12 11 53.684 +42 54 15.41 333684                      dl?
FCG J121159.6+545534   12 11 59.484  +54 55 36.82   0.95    v  12 11 59.633 +54 55 34.01 333846                      x
FCG J121305.6-070555   12 13 05.682  -07 05 55.22   0.84                                 335056                      nat? dl? fans
FCG J121306.8+134319   12 13 06.887  +13 43 19.91   0.54                                 335075                      dd rc? low level int
FCG J121455.6+602647   12 14 54.513  +60 26 44.06   0.40    c  12 14 55.604 +60 26 47.96 337121                      hook?
FCG J121508.0+120821   12 15 08.014  +12 08 21.98   0.40                                 337394                      dl
FCG J121559.3+162258   12 15 59.310  +16 22 58.92   0.51                                 338307                      dl
FCG J122209.7+375855   12 22 10.127  +37 59 00.28   0.86    v  12 22 09.710 +37 58 55.46 345168                      hook?
FCG J122337.2+501125   12 23 37.213  +50 11 25.25   0.55                                 346722                      core id ambiguous
FCG J122437.5+562343   12 24 37.297  +56 23 42.37   0.92    v  12 24 37.556 +56 23 43.84 347769                      dl barred
FCG J122600.8+075605   12 26 00.839  +07 56 05.10   0.98                                 349348                     
FCG J122746.3-044324   12 27 46.514  -04 43 24.08   1.84    c  12 27 46.370 -04 43 24.10 351194                      dl
FCG J122754.0+235040   12 27 53.904  +23 50 39.05   0.64    c  12 27 54.062 +23 50 40.38 351325                      dl
FCG J122836.5+331410   12 28 36.396  +33 14 10.15   0.54    c  12 28 36.584 +33 14 10.40 352104                      mg
FCG J122850.7+444720   12 28 50.777  +44 47 20.07   1.12                                 352309                      x?
FCG J122907.3+313736   12 29 06.955  +31 37 33.23   1.36    c  12 29 07.392 +31 37 36.93 352628                     
FCG J123355.1+264400   12 33 55.134  +26 43 56.59   1.48    c  12 33 55.135 +26 44 00.89 357664                      dl?
FCG J123414.8+100758   12 34 14.804  +10 08 01.90   0.41    v  12 34 14.860 +10 07 58.94 358062                      dl?
FCG J123428.9+082935   12 34 29.275  +08 29 35.60   0.97    c  12 34 28.992 +08 29 35.11 358323                      asym
FCG J123430.2+410935   12 34 30.412  +41 09 33.68   1.42    v  12 34 30.299 +41 09 35.76 358324                     
FCG J123822.0+582203   12 38 21.836  +58 22 06.25   0.93    c  12 38 22.017 +58 22 03.14 362596                      core id ambiguous
FCG J123913.1+491548   12 39 13.335  +49 15 49.34   0.31    c  12 39 13.119 +49 15 48.79 363517                     
FCG J124032.2+485942   12 40 32.241  +48 59 42.01   1.66                                 364999                     
FCG J124106.7+382339   12 41 07.143  +38 23 39.06   0.54    v  12 41 06.742 +38 23 39.84 365678                      rc nonstandard
FCG J124116.4+514130   12 41 16.335  +51 41 28.73   1.15    c  12 41 16.486 +51 41 30.06 365823                     
FCG J124132.8+452312   12 41 32.990  +45 23 09.23   1.24    c  12 41 32.875 +45 23 12.47 366137                      core id ambiguous
FCG J124335.0-061327   12 43 35.030  -06 13 27.25   0.73                                 368365                      dl?
FCG J124624.3+171051   12 46 24.321  +17 10 46.67   0.90    c  12 46 24.365 +17 10 51.80 371345                      x?
FCG J124659.7+503527   12 46 59.866  +50 35 25.65   1.12    c  12 46 59.766 +50 35 27.46 371988                     
FCG J124710.3+555558   12 47 10.198  +55 55 51.37   0.68    c  12 47 10.353 +55 55 58.42 372232                     
FCG J124758.4+425111   12 47 58.328  +42 51 13.12   0.91    v  12 47 58.454 +42 51 11.46 373093                     
FCG J124804.0+172551   12 48 04.106  +17 25 51.50   0.56    v  12 48 04.095 +17 25 51.20 373197                      dd w? dl
FCG J125222.5+031554   12 52 22.598  +03 15 54.72   0.85                                 377862                      rc? ring-lobe?
FCG J125324.3+104719   12 53 24.379  +10 47 19.40   1.06                                 378986                      dd?
FCG J125340.7+144335   12 53 40.706  +14 43 35.49   0.87                                 379273                      unu
FCG J125530.3+365817   12 55 29.994  +36 58 19.44   2.15    c  12 55 30.313 +36 58 17.07 381156                      dl
FCG J125554.5+440524   12 55 54.590  +44 05 24.13   0.60                                 381690                      dd hook ring-lobe?
FCG J125801.7+312046   12 58 02.167  +31 20 55.99   1.45    c  12 58 01.769 +31 20 46.21 383984                     
FCG J125859.2+274645   12 58 59.411  +27 46 44.61   1.01    c  12 58 59.287 +27 46 45.13 385098                     
FCG J130359.4+033932   13 03 58.425  +03 39 35.19   1.98    c  13 03 59.466 +03 39 32.28 390468                      dd? dl bifurcation
FCG J130422.2+201550   13 04 22.278  +20 15 50.70   0.45                                 390994                      hook wat?
FCG J130435.7+104832   13 04 35.732  +10 48 32.28   0.95                                 391237                     
FCG J130755.5+121846   13 07 55.597  +12 18 46.25   0.63                                 395110                      hook
FCG J130839.3-050044   13 08 39.345  -05 00 44.31   1.03                                 395882                      nat? hook dl distorted int, core id ambiguous int
FCG J131011.0+195452   13 10 11.075  +19 54 52.96   0.83                                 397466                     
FCG J131025.1+543022   13 10 24.924  +54 30 20.56   1.06    v  13 10 25.103 +54 30 22.14 397770                      core id ambiguous
FCG J131143.1+563238   13 11 43.189  +56 32 38.25   0.61                                 399325                      dd?
FCG J131353.5+125150   13 13 53.460  +12 51 45.42   0.86    v  13 13 53.514 +12 51 50.14 401714                     
FCG J131532.8+231357   13 15 32.801  +23 13 57.96   0.57                                 403587                      dl?
FCG J131743.7+110328   13 17 44.049  +11 03 27.70   1.02    v  13 17 43.782 +11 03 28.49 405994                     
FCG J131904.1+293835   13 19 04.102  +29 38 34.01   2.12    c  13 19 04.178 +29 38 35.37 407356                      dd? 4C 29.47 Condon & Mitchell, (1984ApJ...276..472C)
FCG J131943.4+050237   13 19 43.496  +05 02 37.51   0.56                                 408169                      dd dl
FCG J131943.8+460803   13 19 43.983  +46 08 14.13   1.21    c  13 19 43.861 +46 08 03.24 408116                      unu - FRII? ring-lobe? int
FCG J132000.1+253239   13 20 00.136  +25 32 39.18   0.92                                 408322                     
FCG J132040.0-043403   13 20 39.960  -04 34 07.72   0.55    v  13 20 40.013 -04 34 03.00 409171                     
FCG J132117.2+255158   13 21 17.357  +25 51 56.44   1.92    c  13 21 17.242 +25 51 58.95 409834                     
FCG J132213.9+280752   13 22 13.882  +28 07 52.47   0.34    c  13 22 13.908 +28 07 52.68 410891                     
FCG J132251.5+342945   13 22 51.369  +34 29 44.66   0.34    c  13 22 51.561 +34 29 45.82 411631                     
FCG J132511.4+573600   13 25 11.814  +57 36 00.76   1.06    v  13 25 11.423 +57 36 00.78 414063                      dd dl
FCG J132519.0+080754   13 25 19.268  +08 07 59.47   1.58    v  13 25 19.003 +08 07 54.76 414251                      wat?
FCG J132613.6+192423   13 26 13.771  +19 24 24.97   0.85    v  13 26 13.665 +19 24 23.70 415273                      dd dl?
FCG J132730.3+510118   13 27 31.046  +51 01 18.78   1.19    c  13 27 30.338 +51 01 18.23 416586                      mg dd? may be smaller, core id ambiguous
FCG J132754.0+235242   13 27 54.009  +23 52 42.63   0.58                                 417018                     
FCG J132757.7+000744   13 27 57.735  +00 07 44.74   0.74                                 417094                      dl?
FCG J132759.2+494626   13 27 59.276  +49 46 26.79   0.66                                 417115                      dd
FCG J132810.8-023742   13 28 10.871  -02 37 42.87   1.24                                 417320                      dd?
FCG J132939.7+181841   13 29 39.761  +18 18 41.42   0.62                                 418940                      x? butterfly dl?
FCG J132954.0+474650   13 29 54.692  +47 46 49.44   0.68    v  13 29 54.069 +47 46 50.23 419209                      dl
FCG J133150.7+082720   13 31 50.845  +08 27 15.83   0.71    c  13 31 50.735 +08 27 20.07 421302                     
FCG J133224.7+182101   13 32 24.727  +18 21 01.11   0.58                                 421885                      dd
FCG J133751.6+183825   13 37 51.683  +18 38 25.87   1.48                                 427904                      dl int low level double arc
FCG J133913.0+102443   13 39 13.418  +10 24 44.59   1.00    v  13 39 13.099 +10 24 43.80 429420                      dd
FCG J133947.5+375653   13 39 47.566  +37 56 53.08   0.75                                 430058                      dd
FCG J134046.0+010640   13 40 46.270  +01 06 37.16   0.76    c  13 40 46.060 +01 06 40.36 431152                      mg distorted ring-lobe irr int
FCG J134211.3+282856   13 42 11.323  +28 28 56.70   1.50                                 432735                      dd?
FCG J134214.9+282934   13 42 15.200  +28 29 34.40   0.42    c  13 42 14.944 +28 29 34.16 432735                     
FCG J134217.8+563653   13 42 18.247  +56 36 51.66   0.42    c  13 42 17.884 +56 36 53.15 432859                      dl
FCG J134251.8+064231   13 42 51.703  +06 42 30.69   0.90    c  13 42 51.876 +06 42 31.10 433517                      dd
FCG J134301.8+381048   13 43 01.853  +38 10 48.80   0.65                                 433732                     
FCG J134415.6+331717   13 44 15.935  +33 17 20.51   2.40    c  13 44 15.694 +33 17 17.18 435058                      mg rc dd
FCG J134533.9+285158   13 45 33.488  +28 51 59.80   1.11    c  13 45 33.912 +28 51 58.76 436538                     
FCG J134545.4+533252   13 45 45.869  +53 32 52.81   0.72    c  13 45 45.400 +53 32 52.15 436732                      core id ambiguous dd?
FCG J134545.6+533248   13 45 45.683  +53 32 48.16   0.46                                 436732                     
FCG J134617.6+622044   13 46 18.461  +62 20 43.65   0.67    c  13 46 17.631 +62 20 44.72 437357                      dd? dl?
FCG J134651.2+415154   13 46 51.443  +41 52 01.36   0.91    c  13 46 51.238 +41 51 54.06 437979                      x?
FCG J134707.5-030039   13 47 07.515  -03 00 39.84   0.64                                 438269                      dd?
FCG J134715.9+104826   13 47 15.957  +10 48 26.28   0.56                                 438423                      dl? dd?
FCG J134811.5+071640   13 48 11.738  +07 16 35.54   1.03    c  13 48 11.552 +07 16 40.19 439402                      ring-lobe
FCG J134846.2+182516   13 48 46.292  +18 25 16.79   0.59                                 440117                      dl
FCG J134930.1+430617   13 49 30.024  +43 06 11.24   0.57    c  13 49 30.160 +43 06 17.99 440917                      dl?
FCG J135103.4+305356   13 51 03.474  +30 53 56.37   0.46                                 442675                      dl?
FCG J135142.3+555944   13 51 42.099  +55 59 32.04   1.03    c  13 51 42.319 +55 59 44.29 443353                      distorted interacting, core id ambiguous int
FCG J135308.3+280908   13 53 09.128  +28 09 02.05   1.37    c  13 53 08.363 +28 09 08.99 444974                      dl int
FCG J135450.0+332434   13 54 50.738  +33 24 29.72   0.91    c  13 54 50.075 +33 24 34.49 446822                     
FCG J135517.6+292333   13 55 17.654  +29 23 33.93   4.42    c  13 55 17.654 +29 23 33.93 447371                      dl? int with twist near core, double knots - FRII?
FCG J135621.5+214030   13 56 21.356  +21 40 33.34   0.20    v  13 56 21.566 +21 40 30.39 448403                      dd?
FCG J135659.1+134016   13 56 59.434  +13 40 14.73   0.61    c  13 56 59.179 +13 40 16.84 449151                      dl
FCG J135954.1+611944   13 59 54.749  +61 19 40.26   0.54    c  13 59 54.188 +61 19 44.86 452382                      dd? dl
FCG J140244.5+510359   14 02 43.897  +51 03 57.14   0.87    v  14 02 44.564 +51 03 59.50 455626                      nat? distorted
FCG J140605.4+554750   14 06 05.787  +55 47 58.27   1.48    c  14 06 05.434 +55 47 50.39 459275                      core id ambiguous
FCG J141051.4+301355   14 10 51.732  +30 13 59.69   0.84    v  14 10 51.493 +30 13 55.40 464660                      wat?
FCG J141108.2+195255   14 11 08.033  +19 52 56.54   0.47    v  14 11 08.232 +19 52 55.77 464966                      dd?
FCG J141244.1+421257   14 12 45.125  +42 13 03.48   1.71    c  14 12 44.118 +42 12 57.74 466677                     
FCG J141250.4+230134   14 12 50.520  +23 01 29.20   0.77    v  14 12 50.479 +23 01 34.84 466825                      dd dl
FCG J141529.5-051221   14 15 29.960  -05 12 24.98   1.01    c  14 15 29.538 -05 12 21.00 469782                      dl asym ring-lobe?
FCG J141621.7+590032   14 16 22.431  +59 00 10.93   2.14    c  14 16 21.781 +59 00 32.31 470718                      fans
FCG J141652.5-052737   14 16 52.188  -05 27 43.47   0.78    c  14 16 52.533 -05 27 37.89 471272                      dl?
FCG J141727.5-020309   14 17 27.543  -02 03 09.37   0.42                                 471872                      dl
FCG J141813.5+095240   14 18 13.583  +09 52 40.61   0.65                                 472660                      w? dl int
FCG J141840.5+352958   14 18 40.503  +35 29 58.30   1.02                                 473247                      beautiful
FCG J141940.3+424921   14 19 40.392  +42 49 21.97   0.68                                 474345                      dl? bifurcations
FCG J141942.6+230329   14 19 42.610  +23 03 29.07   0.27                                 474369                      x? dl
FCG J142040.8+065059   14 20 41.398  +06 50 56.61   0.98    c  14 20 40.893 +06 50 59.66 475458                      dl w? hook beautiful cat missed lobe?
FCG J142350.8+203625   14 23 50.834  +20 36 25.10   0.62                                 478915                     
FCG J142511.9-045644   14 25 11.972  -04 56 44.15   0.90                                 480374                      dd
FCG J142557.0+392445   14 25 57.210  +39 24 45.70   0.54    c  14 25 57.012 +39 24 45.64 481174                     
FCG J142623.1+215842   14 26 23.126  +21 58 42.58   0.69                                 481647                      dl?
FCG J142640.9+240843   14 26 40.953  +24 08 43.15   0.59                                 481956                      dl
FCG J142655.5+420546   14 26 55.581  +42 05 46.30   1.40                                 482193                      dl? wat?
FCG J142844.4+152232   14 28 44.429  +15 22 32.18   0.54                                 484338                      dd?
FCG J142901.6+412408   14 29 01.605  +41 24 08.08   0.36    c  14 29 01.601 +41 24 08.61 484578                     
FCG J143016.6+521735   14 30 17.437  +52 17 30.67   0.62    v  14 30 16.666 +52 17 35.39 486058                      dl dd x? butterfly int
FCG J143059.0+082342   14 30 59.039  +08 23 41.19   0.96    c  14 30 59.007 +08 23 42.95 486792                      dl
FCG J143149.1+192256   14 31 49.133  +19 22 56.50   0.62                                 487775                      dd
FCG J143304.8+275706   14 33 04.898  +27 57 06.84   1.08                                 489147                      distorted?
FCG J143457.9+424359   14 34 57.933  +42 43 59.18   0.27                                 491287                      ppd
FCG J143738.7+083419   14 37 38.773  +08 34 19.63   1.01                                 494219                      x
FCG J143817.9+111937   14 38 17.913  +11 19 37.49   0.52                                 494952                     
FCG J143824.4+085734   14 38 24.425  +08 57 34.13   0.51                                 495072                      x ss dl distorted
FCG J143957.8+282421   14 39 58.494  +28 24 21.44   1.11    v  14 39 57.898 +28 24 21.46 496872                      dd
FCG J144140.9+131846   14 41 40.943  +13 18 46.84   1.16                                 498761                     
FCG J144147.9+342713   14 41 47.978  +34 27 13.93   0.40                                 498899                     
FCG J144407.4+414748   14 44 07.082  +41 47 51.53   1.06    v  14 44 07.428 +41 47 48.95 501455                      x? dl butterfly
FCG J144446.8+360615   14 44 46.842  +36 06 15.47   0.83                                 502191                     
FCG J144628.3+583327   14 46 28.319  +58 33 27.65   0.68                                 504068                     
FCG J144900.9+400039   14 49 00.902  +40 00 39.86   1.57                                 506876                     
FCG J144959.4+565233   14 49 59.401  +56 52 33.37   0.67                                 508015                      dl
FCG J145000.0+540507   14 50 00.398  +54 05 04.33   0.46    c  14 50 00.046 +54 05 07.08 508031                      dl
FCG J145039.7+441828   14 50 40.382  +44 18 33.78   1.92    c  14 50 39.798 +44 18 28.99 508812                      mg distorted, core id ambiguous
FCG J145056.3+164104   14 50 56.368  +16 41 04.02   0.77                                 509097                      dl?
FCG J145108.9+045700   14 51 08.997  +04 57 00.12   0.69                                 509350                      dl?
FCG J145223.7+021200   14 52 24.214  +02 12 02.51   0.72    v  14 52 23.729 +02 12 00.06 510784                      mg nat? tri? unu int
FCG J145405.8+095952   14 54 05.853  +09 59 50.77   0.94    c  14 54 05.802 +09 59 52.93 512687                      x dl?
FCG J145411.3+375703   14 54 11.392  +37 57 03.54   0.78                                 512798                      dl
FCG J145546.6+361413   14 55 46.626  +36 14 15.56   1.02    c  14 55 46.622 +36 14 13.00 514529                     
FCG J145755.8+314057   14 57 55.936  +31 40 53.71   0.67    c  14 57 55.870 +31 40 57.38 516917                      dl
FCG J145836.7+432852   14 58 36.519  +43 28 54.34   1.07    c  14 58 36.772 +43 28 52.67 517630                     
FCG J145936.5+165527   14 59 36.861  +16 55 21.58   1.44    v  14 59 36.587 +16 55 27.08 518751                      dd
FCG J145941.9+290333   14 59 42.339  +29 03 28.38   0.87    c  14 59 41.912 +29 03 33.21 518886                      ring-lobe dl?
FCG J150014.1+231750   15 00 14.169  +23 17 50.09   0.60                                 519468                      dl?
FCG J150031.4+362849   15 00 31.493  +36 28 49.47   0.84    c  15 00 31.464 +36 28 49.85 519738                      w?
FCG J150051.7+432745   15 00 52.015  +43 27 45.34   1.35    c  15 00 51.774 +43 27 45.41 520162                      dl dd?
FCG J150058.0+355334   15 00 58.199  +35 53 32.44   0.57    v  15 00 58.070 +35 53 34.02 520291                     
FCG J150157.1+075223   15 01 57.153  +07 52 23.91   0.96                                 521444                      x
FCG J150333.9-044433   15 03 33.968  -04 44 33.75   0.48                                 523295                     
FCG J150949.6+521749   15 09 50.229  +52 17 40.30   0.92    c  15 09 49.643 +52 17 49.33 530200                     
FCG J151007.8-013057   15 10 07.826  -01 30 57.11   1.24                                 530514                      ring-lobe
FCG J151029.1-032633   15 10 29.183  -03 26 33.65   0.90                                 530926                      dl, core id ambiguous dd?
FCG J151109.1+565051   15 11 09.816  +56 50 51.60   0.74    c  15 11 09.179 +56 50 51.86 531644                      mg dd dl
FCG J151126.1+363335   15 11 26.639  +36 33 32.17   1.16    v  15 11 26.193 +36 33 35.12 531936                      dd
FCG J151514.2+541233   15 15 14.661  +54 12 28.99   0.99    v  15 15 14.214 +54 12 33.71 536050                      dl
FCG J151608.8+584339   15 16 08.875  +58 43 39.44   0.60                                 537090                      x
FCG J151717.2+344318   15 17 17.253  +34 43 18.46   0.91                                 538402                      dl
FCG J152059.1+021509   15 20 59.254  +02 15 08.42   1.82    c  15 20 59.190 +02 15 09.14 542409                     
FCG J152128.9+151141   15 21 29.073  +15 11 41.61   1.06    c  15 21 28.948 +15 11 41.87 543015                     
FCG J152618.5+165954   15 26 18.574  +16 59 54.55   0.82                                 548354                      dl
FCG J152837.0+094539   15 28 37.002  +09 45 39.67   0.57                                 550930                      mg nat?
FCG J152838.3+484741   15 28 39.249  +48 47 31.32   1.21    c  15 28 38.385 +48 47 41.02 550921                      dd? core id ambiguous dl
FCG J153140.1+335112   15 31 39.672  +33 51 16.25   1.02    v  15 31 40.155 +33 51 12.04 554283                      int nat? distorted pinwheel?
FCG J153147.8+554333   15 31 47.833  +55 43 33.65   0.80                                 554437                     
FCG J153201.4+272527   15 32 01.448  +27 25 27.46   0.68                                 554692                      dl?
FCG J153940.0+300312   15 39 40.012  +30 03 12.36   0.87                                 563047                     
FCG J153946.5+385507   15 39 46.503  +38 55 07.79   0.59                                 563180                     
FCG J154013.5+111007   15 40 13.574  +11 10 07.05   0.45                                 563662                      distorted
FCG J154042.0+422137   15 40 42.068  +42 21 37.25   0.60                                 564179                     
FCG J154128.4+341101   15 41 28.225  +34 11 02.77   1.01    v  15 41 28.439 +34 11 01.56 564934                     
FCG J154200.3+364318   15 42 00.388  +36 43 18.71   0.34                                 565578                      dl?
FCG J154226.7-060741   15 42 26.750  -06 07 41.00   0.68                                 566065                     
FCG J154313.1+010805   15 43 13.034  +01 08 10.57   0.51    v  15 43 13.143 +01 08 05.11 566905                      dd?
FCG J154700.3+430358   15 47 00.346  +43 03 58.42   0.68                                 571051                      dd?
FCG J154728.7+145650   15 47 28.654  +14 56 54.77   1.14    v  15 47 28.715 +14 56 50.33 571561                      dl?
FCG J154801.0+135734   15 48 01.098  +13 57 34.69   0.56                                 572131                      dl
FCG J155306.4-032318   15 53 06.296  -03 23 18.96   0.96    v  15 53 06.487 -03 23 18.86 577416                      cat missed core
FCG J155402.0+323332   15 54 02.090  +32 33 32.21   0.95                                 578317                      mg dd int
FCG J155611.0+130940   15 56 11.109  +13 09 41.76   0.37    c  15 56 11.069 +13 09 40.44 580519                      ppd
FCG J155742.2+353036   15 57 42.294  +35 30 36.38   0.34                                 582065                      mg
FCG J155848.5+015431   15 58 48.766  +01 54 29.98   1.66    c  15 58 48.587 +01 54 31.68 583244                      low level x?
FCG J160420.0+373117   16 04 20.133  +37 31 16.63   2.95    c  16 04 20.082 +37 31 17.67 588752                     
FCG J160508.9+174350   16 05 09.087  +17 43 53.21   0.59    c  16 05 08.984 +17 43 50.19 589679                      rc dl hook
FCG J160804.9+430945   16 08 04.907  +43 09 45.40   0.48                                 592584                      nat?
FCG J160821.1+282843   16 08 21.340  +28 28 41.68   0.93    c  16 08 21.146 +28 28 43.56 592824                      dd?
FCG J160921.6+045006   16 09 21.903  +04 50 06.56   0.44    v  16 09 21.643 +04 50 06.43 593814                     
FCG J160922.7+352234   16 09 22.709  +35 22 34.85   1.45                                 593815                      hook? dd? core id ambiguous
FCG J161013.3+190716   16 10 13.561  +19 07 17.37   0.86    c  16 10 13.316 +19 07 16.64 594677                     
FCG J161151.2+202036   16 11 51.298  +20 20 36.42   0.94                                 596214                      mg
FCG J161310.0+292924   16 13 09.939  +29 29 26.86   0.39    v  16 13 10.029 +29 29 24.35 597475                      dd
FCG J161321.0+520300   16 13 21.023  +52 03 04.21   0.57    v  16 13 21.019 +52 03 00.32 597665                      dd
FCG J161336.0+260013   16 13 36.090  +26 00 13.02   0.73                                 597915                      ring-lobe
FCG J161756.9+545113   16 17 57.592  +54 51 12.17   0.95    c  16 17 56.951 +54 51 13.77 601930                      dd dl?
FCG J161821.4+300358   16 18 21.420  +30 03 58.05   1.05                                 602291                      dd?
FCG J162055.0+075730   16 20 55.256  +07 57 29.09   0.74    c  16 20 55.012 +07 57 30.24 604596                      dl?
FCG J162300.2+213720   16 23 00.715  +21 37 21.65   0.75    c  16 23 00.245 +21 37 20.61 606521                     
FCG J162353.0+612820   16 23 53.094  +61 28 20.23   0.82                                 607265                     
FCG J162508.7+191647   16 25 08.530  +19 16 44.72   0.50    c  16 25 08.762 +19 16 47.76 608470                     
FCG J162733.4+262852   16 27 33.905  +26 28 50.02   0.67    c  16 27 33.473 +26 28 52.01 610696                      dl
FCG J163241.9+540528   16 32 41.953  +54 05 28.27   0.52                                 615034                      asym
FCG J163413.5+495043   16 34 14.118  +49 50 49.26   0.86    c  16 34 13.536 +49 50 43.55 616350                      dl?
FCG J163640.5+450553   16 36 40.590  +45 05 53.77   0.43                                 618439                      distorted unu
FCG J163702.1+413020   16 37 02.185  +41 30 20.91   1.00                                 618723                      dd
FCG J164210.3+173529   16 42 10.322  +17 35 29.24   1.13                                 623063                     
FCG J164318.5+264230   16 43 18.532  +26 42 30.66   0.60                                 623903                      dd
FCG J164536.3+132752   16 45 36.393  +13 27 52.08   0.38                                 625586                     
FCG J164613.8+285809   16 46 13.953  +28 58 07.06   0.94    c  16 46 13.802 +28 58 09.28 626051                     
FCG J165750.9+440125   16 57 50.975  +44 01 25.97   0.50                                 634502                     
FCG J170411.9+305821   17 04 12.392  +30 58 13.97   0.54    c  17 04 11.993 +30 58 21.01 638920                      dl
FCG J170604.2+485602   17 06 04.289  +48 56 02.79   0.57                                 640146                      dl
FCG J170817.3+594629   17 08 17.365  +59 46 25.60   0.95    c  17 08 17.309 +59 46 29.83 641541                     
FCG J170846.1+243530   17 08 46.115  +24 35 31.11   0.73    c  17 08 46.152 +24 35 30.82 641825                     
FCG J171013.3+402207   17 10 13.396  +40 22 07.30   0.28                                 642685                      dd? hook int
FCG J171317.4+581243   17 13 17.450  +58 12 43.23   0.39                                 644443                      dd dl
FCG J171556.1+434017   17 15 56.120  +43 40 17.09   0.52                                 646003                     
FCG J172218.9+310322   17 22 19.412  +31 03 19.65   0.82    c  17 22 18.923 +31 03 22.67 649497                      x? ring-lobe
FCG J172308.0+301715   17 23 08.438  +30 17 15.33   0.96    c  17 23 08.033 +30 17 15.64 649852                      dd int
FCG J172843.3+420006   17 28 42.942  +42 00 05.98   0.65    c  17 28 43.367 +42 00 06.99 652255                     
FCG J173130.6+542930   17 31 30.789  +54 29 28.39   1.24    c  17 31 30.698 +54 29 30.39 653218                      dl?
FCG J173334.4+434254   17 33 34.279  +43 42 57.65   0.66    v  17 33 34.460 +43 42 54.79 653855                      dd
FCG J174257.9+572652   17 42 57.958  +57 26 52.87   0.80                                 655907                     
FCG J210051.2-060709   21 00 51.354  -06 07 06.41   0.26    v  21 00 51.271 -06 07 09.08 656257                      rc dl?
FCG J221515.3+004044   22 15 15.270  +00 40 50.46   0.90    c  22 15 15.328 +00 40 44.45 663476                     
FCG J232106.7-014309   23 21 06.745  -01 43 09.01   0.47                                 671642                      rc
FCG J232208.1-094154   23 22 08.188  -09 41 54.35   0.47                                 671777                      dd
FCG J233900.2+004307   23 39 00.546  +00 43 03.77   0.69    v  23 39 00.200 +00 43 07.73 673883                      dd?
FCG J235355.6+001256   23 53 55.333  +00 12 54.65   1.18    c  23 53 55.662 +00 12 56.22 675669                      dl? dd
