Table B1 
Inferred Values of the Binary Parameters for the SBHB Candidates from the E12 Sample
	SDSS	$\mathrm{log}(a/M)$	${{ \mathcal S }}_{a}$	q	${{ \mathcal S }}_{q}$	$\mathrm{log}{\tau }_{0}$	${{ \mathcal S }}_{{\tau }_{0}}$	$\mathrm{log}({F}_{2}/{F}_{1})$	${{ \mathcal S }}_{{{\rm{F}}}_{2/1}}$	$\mathrm{QI}$	E12	
1	001224	4.44 +or- 0.35	0.38	0.39 +or- 0.19	0.80	-2.81 +or- 1.64	0.43	-1.24 +or- 0.63	0.58	-0.09	1	
2	002444	4.89 +or- 0.63	0.86	0.58 +or- 0.22	0.84	-0.26 +or- 1.27	0.78	-0.07 +or- 0.34	0.29	0.46	0	
3	015530	4.05 +or- 0.30	0.55	0.75 +or- 0.22	0.83	0.27 +or- 0.81	0.41	-0.02 +or- 0.46	0.42	0.44	1	
4	020011	4.17 +or- 0.35	0.62	0.66 +or- 0.24	0.89	0.21 +or- 0.75	0.36	-0.01 +or- 0.31	0.14	0.38	0	
5	021259	4.77 +or- 0.22	0.49	0.64 +or- 0.16	0.71	-3.68 +or- 0.94	0.28	-0.42 +or- 0.26	0.36	-0.08	0	
6	022014	3.88 +or- 0.14	0.42	0.68 +or- 0.23	0.89	0.18 +or- 0.76	0.33	0.23 +or- 0.50	0.49	0.52	0	
7	031715	4.07 +or- 0.35	0.61	0.73 +or- 0.21	0.85	-0.26 +or- 1.26	0.41	-0.12 +or- 0.60	0.57	0.07	1	
8	074007	4.35 +or- 0.43	0.77	0.73 +or- 0.22	0.85	0.20 +or- 0.86	0.35	-0.03 +or- 0.50	0.27	0.34	1	
9	074157	4.34 +or- 0.44	0.79	0.71 +or- 0.22	0.83	0.05 +or- 1.11	0.53	-0.19 +or- 0.40	0.15	0.21	0	
10	075403	3.84 +or- 0.14	0.42	0.75 +or- 0.19	0.76	-0.28 +or- 1.09	0.38	-0.03 +or- 0.50	0.56	0.35	0	
11	080327	4.02 +or- 0.22	0.40	0.77 +or- 0.18	0.86	-0.88 +or- 1.52	0.75	-0.06 +or- 0.38	0.32	0.45	0	
12	081329	3.91 +or- 0.14	0.39	0.74 +or- 0.21	0.84	-0.28 +or- 1.46	0.67	-0.60 +or- 0.64	0.48	0.46	0	
13	082150	3.91 +or- 0.24	0.50	0.67 +or- 0.23	0.88	0.22 +or- 0.78	0.42	0.03 +or- 0.47	0.56	0.05	1	
14	082930	3.91 +or- 0.26	0.53	0.70 +or- 0.23	0.89	0.05 +or- 1.21	0.51	-0.18 +or- 0.51	0.53	0.22	0	
15	083223	4.29 +or- 0.44	0.77	0.79 +or- 0.19	0.78	-0.20 +or- 1.49	0.66	-0.09 +or- 0.24	0.09	0.66	0	
16	084313	4.88 +or- 0.53	0.77	0.70 +or- 0.22	0.89	-0.86 +or- 1.54	0.72	-0.06 +or- 0.34	0.34	0.46	0	
17	085431	4.74 +or- 0.27	0.55	0.69 +or- 0.23	0.88	-0.69 +or- 1.56	0.49	-0.08 +or- 0.32	0.25	0.59	0	
18	091833	3.73 +or- 0.09	0.20	0.37 +or- 0.15	0.64	0.16 +or- 0.59	0.14	-0.33 +or- 0.72	0.29	-0.55	0	
19	091928	3.84 +or- 0.14	0.41	0.81 +or- 0.20	0.76	-1.94 +or- 1.88	0.74	-0.18 +or- 0.47	0.40	0.26	1	
20	092712	3.93 +or- 0.14	0.39	0.41 +or- 0.18	0.77	-0.96 +or- 1.77	0.91	-0.80 +or- 0.68	0.70	0.17	1	
21	093100	3.85 +or- 0.12	0.32	0.68 +or- 0.19	0.80	0.21 +or- 1.10	0.62	0.14 +or- 0.26	0.14	0.43	0	
22	093653	4.17 +or- 0.35	0.68	0.67 +or- 0.21	0.87	-0.46 +or- 1.17	0.36	-0.13 +or- 0.40	0.39	0.11	0	
23	093844	4.19 +or- 0.34	0.67	0.65 +or- 0.22	0.88	0.21 +or- 0.65	0.27	-0.05 +or- 0.45	0.47	0.44	1	
24	094603	4.41 +or- 0.39	0.66	0.25 +or- 0.24	0.41	-2.73 +or- 1.62	0.47	-1.78 +or- 0.95	0.57	-0.71	1	
25	094620	4.68 +or- 0.21	0.40	0.57 +or- 0.20	0.89	-2.36 +or- 1.51	0.72	-0.49 +or- 0.36	0.34	0.35	1	
26	095036	4.64 +or- 0.28	0.44	0.43 +or- 0.17	0.44	-0.66 +or- 1.65	0.85	-0.47 +or- 0.51	0.46	0.59	1	
27	095539	4.17 +or- 0.38	0.59	0.74 +or- 0.22	0.83	-0.03 +or- 0.85	0.33	-0.17 +or- 0.58	0.55	0.16	1	
28	101438	4.01 +or- 0.30	0.56	0.65 +or- 0.24	0.91	0.31 +or- 0.80	0.40	-0.12 +or- 0.33	0.22	0.43	0	
29	102106	4.11 +or- 0.35	0.62	0.75 +or- 0.23	0.85	-0.15 +or- 1.42	0.61	-0.07 +or- 0.34	0.24	0.14	0	
30	102839	4.49 +or- 0.33	0.61	0.61 +or- 0.25	0.95	-0.52 +or- 1.76	0.82	-0.59 +or- 0.66	0.54	0.59	0	
31	104132	3.92 +or- 0.18	0.49	0.61 +or- 0.23	0.92	0.29 +or- 0.81	0.43	-0.05 +or- 0.36	0.29	0.56	0	
32	105041	3.97 +or- 0.09	0.16	0.11 +or- 0.06	0.17	-3.13 +or- 1.53	0.52	-2.22 +or- 0.36	0.40	-0.76	1	
33	105203	4.09 +or- 0.33	0.62	0.64 +or- 0.25	0.90	-0.69 +or- 1.66	0.83	-0.15 +or- 0.36	0.36	0.22	0	
34	110051	3.91 +or- 0.23	0.53	0.80 +or- 0.19	0.76	-0.70 +or- 1.72	0.75	0.00 +or- 0.23	0.09	-0.09	0	
35	110556	4.66 +or- 0.38	0.70	0.58 +or- 0.23	0.91	0.03 +or- 1.11	0.54	-0.26 +or- 0.34	0.28	0.72	1	
36	110742	3.85 +or- 0.14	0.42	0.69 +or- 0.21	0.82	0.29 +or- 0.73	0.36	-0.06 +or- 0.37	0.40	0.55	0	
37	111329	4.14 +or- 0.35	0.66	0.68 +or- 0.23	0.87	-0.25 +or- 1.16	0.37	-0.06 +or- 0.38	0.36	0.59	0	
38	111537	4.06 +or- 0.31	0.64	0.73 +or- 0.20	0.85	-0.49 +or- 1.64	0.58	-0.43 +or- 0.65	0.52	-0.35	1	
39	111916	4.23 +or- 0.43	0.79	0.69 +or- 0.24	0.89	0.16 +or- 0.91	0.39	0.19 +or- 0.51	0.52	0.22	0	
40	112751	4.49 +or- 0.40	0.66	0.75 +or- 0.20	0.76	-0.81 +or- 1.59	0.64	-0.02 +or- 0.37	0.36	0.40	0	
41	113330	4.25 +or- 0.39	0.63	0.61 +or- 0.23	0.85	-0.50 +or- 1.24	0.57	-0.31 +or- 0.33	0.39	0.44	1	
42	113651	4.07 +or- 0.34	0.63	0.71 +or- 0.23	0.87	0.17 +or- 0.78	0.30	0.05 +or- 0.46	0.33	0.31	0	
43	113706	3.89 +or- 0.18	0.50	0.70 +or- 0.21	0.83	-0.02 +or- 1.48	0.81	-0.44 +or- 0.56	0.52	0.57	0	
44	113904	3.79 +or- 0.14	0.36	0.55 +or- 0.22	0.84	0.41 +or- 0.90	0.40	0.19 +or- 0.39	0.43	0.02	1	
45	115158	4.39 +or- 0.48	0.64	0.65 +or- 0.23	0.90	0.02 +or- 0.96	0.60	-0.21 +or- 0.52	0.58	0.06	1	
46	115449	3.96 +or- 0.11	0.25	0.37 +or- 0.06	0.44	-3.23 +or- 1.39	0.54	-1.27 +or- 0.35	0.30	-0.11	0	
47	115644	4.36 +or- 0.43	0.73	0.71 +or- 0.24	0.88	0.17 +or- 0.85	0.41	0.10 +or- 0.43	0.37	0.44	0	
48	120924	3.86 +or- 0.17	0.49	0.59 +or- 0.22	0.88	0.24 +or- 0.72	0.44	0.31 +or- 0.37	0.44	0.36	1	
49	121113	4.22 +or- 0.32	0.64	0.66 +or- 0.23	0.89	-0.55 +or- 1.67	0.83	-0.32 +or- 0.42	0.36	0.48	0	
50	122811	4.00 +or- 0.26	0.56	0.72 +or- 0.22	0.86	0.04 +or- 1.17	0.44	-0.02 +or- 0.47	0.45	0.20	0	
51	123001	3.84 +or- 0.13	0.42	0.80 +or- 0.17	0.71	0.04 +or- 0.66	0.30	-0.05 +or- 0.76	0.59	0.35	0	
52	124551	4.71 +or- 0.27	0.54	0.75 +or- 0.20	0.78	0.04 +or- 0.77	0.27	-0.22 +or- 0.38	0.26	0.55	0	
53	125142	3.96 +or- 0.21	0.48	0.65 +or- 0.23	0.88	0.19 +or- 1.31	0.77	-0.46 +or- 0.55	0.53	0.47	1	
54	125809	3.71 +or- 0.04	0.04	0.79 +or- 0.15	0.63	-1.22 +or- 1.82	0.47	-0.40 +or- 0.52	0.06	-0.20	0	
55	130534	4.59 +or- 0.42	0.76	0.81 +or- 0.18	0.73	-1.07 +or- 1.86	0.65	-0.26 +or- 0.53	0.49	-0.01	0	
56	131945	4.70 +or- 0.00	0.00	0.83 +or- 0.15	0.34	0.00 +or- 1.21	0.55	0.06 +or- 0.65	0.57	0.24	1	
57	132704	4.10 +or- 0.35	0.60	0.66 +or- 0.23	0.88	-0.22 +or- 1.25	0.48	-0.11 +or- 0.42	0.15	-0.27	0	
58	133432	3.91 +or- 0.13	0.39	0.77 +or- 0.19	0.76	-0.84 +or- 0.96	0.67	-0.29 +or- 0.56	0.56	0.51	0	
59	134617	3.89 +or- 0.14	0.42	0.68 +or- 0.21	0.89	-0.63 +or- 1.71	0.76	-0.78 +or- 0.65	0.51	0.49	0	
60	140007	4.72 +or- 0.32	0.64	0.74 +or- 0.19	0.83	-1.11 +or- 0.90	0.42	-0.07 +or- 0.36	0.33	0.37	0	
61	140251	4.11 +or- 0.37	0.68	0.66 +or- 0.24	0.91	0.15 +or- 0.65	0.27	0.21 +or- 0.39	0.34	0.26	1	
62	140700	3.82 +or- 0.14	0.42	0.76 +or- 0.20	0.83	-0.01 +or- 0.37	0.08	-0.03 +or- 0.64	0.61	0.33	0	
63	141213	3.77 +or- 0.10	0.41	0.74 +or- 0.19	0.78	-0.78 +or- 1.16	0.26	-0.00 +or- 0.63	0.44	0.16	0	
64	141300	4.09 +or- 0.35	0.66	0.72 +or- 0.23	0.87	0.18 +or- 1.01	0.42	-0.03 +or- 0.31	0.20	0.40	0	
65	143123	3.92 +or- 0.24	0.61	0.62 +or- 0.19	0.83	0.27 +or- 0.79	0.34	0.04 +or- 0.28	0.29	0.42	0	
66	143455	3.93 +or- 0.09	0.15	0.52 +or- 0.19	0.88	0.17 +or- 1.03	0.33	0.12 +or- 0.29	0.43	0.44	0	
67	151132	4.47 +or- 0.47	0.82	0.80 +or- 0.18	0.74	-0.81 +or- 1.68	0.66	-0.39 +or- 0.53	0.51	0.24	1	
68	151443	4.35 +or- 0.33	0.62	0.70 +or- 0.25	0.93	0.16 +or- 0.64	0.10	-0.17 +or- 0.48	0.40	0.65	0	
69	152316	3.91 +or- 0.16	0.40	0.80 +or- 0.19	0.77	0.41 +or- 0.87	0.43	0.06 +or- 0.67	0.53	0.46	0	
70	152939	4.14 +or- 0.42	0.65	0.72 +or- 0.22	0.82	0.11 +or- 0.92	0.47	-0.03 +or- 0.45	0.45	0.22	0	
71	152942	3.88 +or- 0.14	0.40	0.79 +or- 0.16	0.73	-0.09 +or- 0.95	0.31	-0.33 +or- 0.79	0.62	0.32	0	
72	153434	4.61 +or- 0.38	0.74	0.77 +or- 0.19	0.80	-0.10 +or- 1.21	0.51	-0.03 +or- 0.35	0.26	0.38	0	
73	153636	3.82 +or- 0.12	0.27	0.46 +or- 0.14	0.65	-3.40 +or- 1.21	0.76	-1.02 +or- 0.50	0.45	-1.08	1	
74	153644	4.28 +or- 0.45	0.85	0.77 +or- 0.21	0.81	0.04 +or- 1.09	0.49	-0.05 +or- 0.40	0.37	-0.12	1	
75	154340	4.32 +or- 0.43	0.76	0.79 +or- 0.20	0.79	0.00 +or- 1.12	0.45	-0.06 +or- 0.55	0.50	0.34	0	
76	154637	3.89 +or- 0.14	0.42	0.73 +or- 0.20	0.86	-1.40 +or- 1.67	0.73	-0.15 +or- 0.55	0.49	0.15	1	
77	155654	3.95 +or- 0.11	0.12	0.43 +or- 0.10	0.57	-1.51 +or- 1.36	0.67	-0.49 +or- 0.28	0.38	0.15	1	
78	160243	4.04 +or- 0.31	0.71	0.72 +or- 0.22	0.84	0.02 +or- 0.91	0.46	0.06 +or- 0.31	0.17	0.25	0	
79	160536	3.99 +or- 0.25	0.51	0.73 +or- 0.23	0.86	0.37 +or- 0.88	0.41	0.03 +or- 0.29	0.21	0.41	0	
80	161911	4.81 +or- 0.26	0.50	0.72 +or- 0.22	0.89	0.02 +or- 1.02	0.42	-0.08 +or- 0.36	0.32	0.69	1	
81	162914	3.91 +or- 0.31	0.60	0.78 +or- 0.21	0.80	0.04 +or- 1.04	0.43	-0.01 +or- 0.24	0.08	0.11	1	
82	163020	3.78 +or- 0.12	0.42	0.63 +or- 0.24	0.90	0.02 +or- 0.80	0.37	0.13 +or- 0.55	0.62	-0.19	0	
83	165118	4.41 +or- 0.28	0.65	0.53 +or- 0.20	0.82	0.09 +or- 0.44	0.14	-0.15 +or- 0.43	0.41	0.51	0	
84	165255	4.07 +or- 0.32	0.58	0.65 +or- 0.24	0.90	0.26 +or- 0.70	0.32	-0.08 +or- 0.36	0.32	0.66	0	
85	170341	4.17 +or- 0.24	0.44	0.42 +or- 0.22	0.73	-2.34 +or- 1.78	0.29	-1.10 +or- 0.61	0.53	0.07	0	
86	171448	3.82 +or- 0.15	0.42	0.71 +or- 0.23	0.88	0.06 +or- 1.33	0.64	0.12 +or- 0.63	0.54	-0.45	0	
87	172711	4.19 +or- 0.35	0.61	0.63 +or- 0.24	0.89	0.05 +or- 1.07	0.44	-0.27 +or- 0.45	0.43	0.68	0	
88	180545	4.23 +or- 0.35	0.64	0.69 +or- 0.23	0.89	0.20 +or- 0.98	0.42	0.04 +or- 0.36	0.26	0.25	0	
Note. SDSS - Name of the SBHB candidate. $\mathrm{log}(a/M)$ - average value of $\mathrm{log}(a/M)$ with one standard deviation. ${{ \mathcal S }}_{a}$ - entropy associated with the value of $\mathrm{log}(a/M)$. q - average value of the mass ratio with one standard deviation. ${{ \mathcal S }}_{q}$ - entropy associated with the value of q. $\mathrm{log}{\tau }_{0}$ - average value of $\mathrm{log}{\tau }_{0}$ with one standard deviation. ${{ \mathcal S }}_{{\tau }_{0}}$ - entropy associated with the value of $\mathrm{log}{\tau }_{0}$. $\mathrm{log}({F}_{2}/{F}_{1})$ - average value of $\mathrm{log}({F}_{2}/{F}_{1})$ with one standard deviation. ${{ \mathcal S }}_{{{\rm{F}}}_{2/1}}$ - entropy associated with the value of $\mathrm{log}({F}_{2}/{F}_{1})$. QI - Quality index. E12 -  0 (1) corresponds to the SBHB candidates for which a statistically significant radial velocity modulation has not (has) been measured from observations.