SDSSJ1120+6711 1.49  12.69 3.09    1.72    7.72E-1 0.05E-1 7.32E-1  1.16E-1 1.16E-1 2.23E-1  0.29E-1 0.29E-1 1, A
SDSSJ2336-0107 1.29  14.23 9.37E-1 0.61E-1 3.90E-1 0.02E-1 5.67E-1 10.81E-1 3.86E-1 1.18E-1  4.50E-1 1.61E-1 1
SDSSJ0048-1051 1.56  30.49 1.06    0.06    1.68    0.09    3.57E-1  2.11E-1 1.33E-1 9.93E-1 18.92E-1 6.77E-1 1, A
SDSSJ0054-0946 2.13 117.11 2.63E+1 0.15E+1 2.02    0.11    2.24     0.25    0.22    1.19     2.26    0.81    1, A
SDSSJ0117+3153 2.13  93.85 2.38    0.13    4.43    0.25    1.39     2.65    0.95    2.52     4.82    1.73    1
SDSSJ0201+0032 2.30 155.90 7.63    0.42    3.35    0.19    4.28     8.17    2.93    1.93     3.68    1.32    1
SDSSJ0248+0009 1.64  58.45 4.07    0.23    1.07    0.06    1.68     0.85    0.56    6.47E-1 12.32E-1 4.40E-1 1, A
SDSSJ0332-0722 2.10 150.62 2.95    0.16    2.24    0.12    1.71     3.26    1.17    1.31     2.50    0.89    1
SDSSJ0846+2749 2.12 156.25 5.84    0.32    4.41    0.24    3.30     6.30    2.26    2.52     4.81    1.72    1
SDSSJ0939+5953 2.53 262.47 6.34    0.35    1.85E+1 0.10E+1 1.15     0.40    0.40    1.02E+1  1.94E+1 0.70E+1 1, A
SDSSJ0955+6045 0.72 134.40 1.81E-1 0.10E-1 1.50E-1 0.08E-1 8.01E-1  4.26E-1 4.26E-1 9.98E-2 19.00E-2 6.74E-2 1, A
SDSSJ0959+5449 1.95  32.73 2.93    0.16    1.86    0.10    1.69     3.23    1.16    1.09     2.08    0.75    1
SDSSJ1010+0416 1.51 145.59 1.56    0.09    1.41    0.08    3.40E-1  2.16E-1 2.16E-1 8.37E-1 15.95E-1 5.70E-1 1, A
SDSSJ1014+0920 2.29 180.65 9.19    0.51    3.39    0.19    1.17     0.26    0.26    1.95     3.72    1.33    1, A
SDSSJ1028+3929 1.89  63.12 3.21    0.18    1.38    0.08    1.85     3.53    1.27    8.21E-1 15.64E-1 5.59E-1 1
SDSSJ1034+0701 1.25  25.85 1.63    0.09    3.37E-1 0.19E-1 1.43     0.22    0.22    2.15E-1  4.09E-1 1.45E-1 1, A
SDSSJ1056-0059 2.13  59.80 4.11    0.23    1.94    0.11    2.35     4.48    1.61    1.14     2.17    0.78    1
SDSSJ1123+0037 1.17 465.12 2.22    0.12    6.96E-1 0.39E-1 4.83E-1  1.09E-1 1.09E-1 4.27E-1  8.14E-1 2.90E-1 1, A
SDSSJ1225+5644 2.38  48.92 8.93    0.49    2.95    0.16    4.99     9.52    3.42    1.71     3.25    1.16    1
SDSSJ1254+6104 2.05 146.91 8.33    0.46    5.32    0.29    3.60     1.31    1.31    3.02     5.76    2.06    1, A
SDSSJ1259+1241 2.19  29.78 4.06    0.22    4.42    0.24    2.32     4.43    1.59    2.52     4.81    1.73    1
SDSSJ1303+5100 1.68  32.18 1.60    0.09    1.22    0.07    9.47E-1 18.06E-1 6.46E-1 7.31E-1 13.92E-1 4.97E-1 1
SDSSJ1310+6208 2.06 391.25 1.12E+1 0.06E+1 2.27    0.13    2.52     0.55    0.55    1.32     2.52    0.90    1, A
SDSSJ1337+6012 1.73  26.23 8.73    0.48    2.31    0.13    2.95     1.09    0.80    1.35     2.57    0.92    1, A
SDSSJ1349+1227 1.72  25.39 1.80E+1 0.10E+1 4.46    0.25    9.87    18.83    6.77    2.55     4.86    1.74    1
SDSSJ1400+1232 2.05 121.87 2.73    0.15    2.40    0.13    1.59     3.02    1.08    1.40     2.67    0.96    1
SDSSJ1405+4447 2.23  61.04 2.26E+1 0.12E+1 3.67    0.20    1.23     2.35    8.4     2.11     4.02    1.44    1
SDSSJ1409+3919 2.08  56.66 2.96    0.16    1.61    0.09    1.72     3.27    1.17    9.53E-1 18.15E-1 6.49E-1 1
SDSSJ1530+5304 1.53  34.72 1.02    0.06    9.55E-1 0.53E-1 6.13E-1 11.68E-1 4.17E-1 5.78E-1 11.01E-1 3.93E-1 1
SDSSJ1546+5134 2.95 326.69 3.91    0.22    1.22E+1 0.07E+1 2.24     4.28    1.53    6.77    12.90    4.63    1
SDSSJ1629+3724 0.92  34.49 9.56E-1 0.53E-1 8.48E-1 0.47E-1 6.46E-1  2.53E-1 2.53E-1 5.16E-1  9.83E-1 3.51E-1 1, A
SDSSJ1719+2549 2.17 121.76 4.26    0.24    4.99    0.28    1.17     0.77    0.77    2.84     5.42    1.94    1, A
SDSSJ1723+5904 1.60  31.35 4.49    0.25    1.16    0.06    2.28     0.83    0.61    6.98E-1 13.30E-1 4.75E-1 1, A
SDSSJ2128-0617 2.07  69.20 4.91    0.27    4.48    0.25    2.80     5.33    1.91    2.56     4.88    1.75    1
SDSSJ2214+1326 2.00  48.55 2.76    0.15    2.24    0.12    1.60     3.06    1.09    1.31     2.50    0.89    1
SDSSJ2220+1247 1.99 133.17 3.22    0.18    1.52    0.08    1.86     3.54    1.27    9.00E-1 17.15E-1 6.13E-1 1
SDSSJ0740+2926 0.98  20.72 2.36    0.13    7.54E-1 0.42E-1 4.14E-1  0.62E-1 0.62E-1 4.61E-1  8.78E-1 3.13E-1 1, A
SDSSJ1035+0752 1.22  22.45 2.22    0.12    6.61E-1 0.37E-1 5.79E-1  1.93E-1 1.93E-1 4.07E-1  7.75E-1 2.76E-1 1, A
SDSSJ1124+5710 2.31  18.04 1.49E+1 0.08E+1 5.24    0.29    2.55     0.34    0.34    2.97     5.67    2.03    1, A
SDSSJ1138+6807 0.77  19.26 1.98    0.11    3.75E-1 0.21E-1 1.76E-1  0.21E-1 0.19E-1 2.37E-1  4.51E-1 1.61E-1 1, A
SDSSJ1508+3328 0.88  22.45 3.41    0.19    3.11E-1 0.17E-1 1.96     3.74    1.34    1.99E-1  3.79E-1 1.35E-1 1
SDSSJ0012+0052 1.63 135.55 8.64E-1 0.48E-1 9.34E-1 0.52E-1 5.25E-1 10.00E-1 3.57E-1 5.66E-1 10.78E-1 3.85E-1 1
SDSSJ0117+0020 0.61 299.78 1.49    0.08    1.74E-1 0.10E-1 2.26E-1  0.22E-1 0.20E-1 1.15E-1  2.19E-1 0.78E-1 1, A
SDSSJ0141+0031 1.89 361.05 2.47    0.14    1.67    0.09    1.44     2.74    0.98    9.88E-1 18.83E-1 6.73E-1 1
SDSSJ0245-0113 2.46  36.45 5.78    0.32    3.04    0.17    3.27     6.24    2.24    1.76     3.35    1.20    1
SDSSJ0258-0003 1.32 246.69 3.27    0.18    1.40    0.08    8.36E-1  2.13E-1 2.13E-1 8.32E-1 15.86E-1 5.67E-1 1, A
SDSSJ0259+0048 0.89 152.21 8.59E-1 0.48E-1 1.07    0.06    1.60     0.94    0.94    6.42E-1 12.23E-1 4.37E-1 1, A
SDSSJ0350-0031 2.00 380.88 2.82    0.16    5.66    0.31    1.64     3.12    1.12    3.21     6.12    2.19    1
SDSSJ0743+2054 1.56 300.71 2.03    0.11    1.64    0.09    3.63E-1  1.52E-1 1.52E-1 9.70E-1 18.48E-1 6.61E-1 1, A
SDSSJ0747+4318 0.50  56.16 2.17E-1 0.12E-1 1.78E-1 0.10E-1 2.85E-1  0.94E-1 0.70E-1 1.17E-1  2.23E-1 0.79E-1 1, A
SDSSJ0824+2357 0.54  94.66 5.18E-1 0.29E-1 4.39E-1 0.24E-1 3.23E-1  6.14E-1 2.19E-1 2.75E-1  5.25E-1 1.87E-1 1
SDSSJ0856+5111 0.54 138.49 5.00E-1 0.28E-1 1.91E-1 0.11E-1 1.79E-1  0.22E-1 0.20E-1 1.43     0.54    0.40    1, A
SDSSJ0909+0002 1.87 126.35 6.16E+1 0.34E+1 2.72    0.15    5.92     0.95    0.82    9.41E-1 15.05E-1 9.41E-1 1
SDSSJ0955+0616 1.28 368.00 6.99    0.39    8.58E-1 0.48E-1 2.08     0.39    0.39    5.21E-1  9.93E-1 3.54E-1 1, A
SDSSJ1032+0140 1.46 465.77 4.42    0.25    1.02    0.06    7.14E-1  1.54E-1 1.54E-1 6.14E-1 11.70E-1 4.18E-1 1, A
SDSSJ1103+0318 1.94 481.14 1.43E+1 0.08E+1 7.58    0.42    2.27     0.81    0.60    4.88     2.23    2.23    1, A
SDSSJ1107+0033 1.88 208.81 7.70    0.43    2.83    0.16    4.32     8.24    2.96    1.64     3.12    1.12    1
SDSSJ1116+4118 2.99 106.41 2.63E+1 0.15E+1 1.12E+1 0.06E+1 1.43E+1  2.72E+1 0.98E+1 6.24    11.90    4.27    1
SDSSJ1134+0849 1.53 229.47 3.90    0.22    2.72    0.15    1.19     0.36    0.36    1.58     3.01    1.08    1, A
SDSSJ1146-0124 1.98 238.83 2.55    0.14    2.15    0.12    1.49     2.82    1.01    1.26     2.39    0.86    1
SDSSJ1152-0030 0.55 187.86 4.19E-1 0.23E-1 1.23E-1 0.07E-1 5.01E-1  0.88E-1 0.88E-1 8.33E-2 15.85E-2 5.62E-2 1, A
SDSSJ1207+0115 0.97 281.41 1.49    0.08    3.81E-1 0.21E-1 2.95E-1  0.57E-1 0.57E-1 2.41E-1  4.58E-1 1.63E-1 1, A
2QZ J1217+0006 1.78 437.70 2.71    0.15    4.96    0.27    1.57     3.00    1.07    2.82     5.38    1.93    1
2QZ J1217+0055 0.90 315.54 3.74E-1 0.21E-1 4.84E-1 0.27E-1 2.37E-1  4.51E-1 1.61E-1 3.02E-1  5.75E-1 2.05E-1 1
SDSSJ1226-0112 0.92 396.67 5.46    0.30    5.97E-1 0.33E-1 9.75E-1  0.18E-1 0.18E-1 3.69E-1  7.03E-1 2.51E-1 1, A
SDSSJ1300-0156 1.62 377.02 1.00E+1 0.06E+1 2.58    0.14    7.84E-1  0.95E-1 0.85E-1 1.50     2.86    1.02    1, A
2QZ J1328-0157 2.37 429.23 7.76    0.43    5.08    0.28    4.35     8.30    2.98    2.89     5.51    1.98    1
2QZ J1354-0108 1.99 464.84 5.17    0.29    2.85    0.16    2.94     5.60    2.01    1.65     3.15    1.13    1
SDSSJ0846+2710 2.17  38.42 2.15    0.12    2.23    0.12    1.26     2.39    0.86    1.30     2.48    0.89    2
SDSSJ0927+0707 1.38  40.59 9.11E-1 0.50E-1 5.70E-1 0.31E-1 5.52E-1 10.52E-1 3.76E-1 3.53E-1  6.72E-1 2.40E-1 2
SDSSJ1004+4112 1.73  31.82 8.09    0.45    5.53    0.31    4.53     8.64    3.10    1.59     0.49    0.37    2, A
SDSSJ1007+0126 1.23  34.85 3.80E-1 0.21E-1 6.03E-1 0.33E-1 2.40E-1  4.58E-1 1.63E-1 3.73E-1  7.10E-1 2.53E-1 2
SDSSJ1207+1408 1.77  33.38 1.71    0.09    1.91    0.11    1.01     1.92    0.69    1.13     2.15    0.77    2
SDSSJ1431+2705 2.38  48.21 3.73    0.21    5.56    0.31    2.14     4.08    1.46    3.15     6.01    2.16    2
SDSSJ1447+6327 1.23  33.19 4.02E-1 0.22E-1 1.57    0.09    2.53E-1  4.83E-1 1.72E-1 9.32E-1 17.77E-1 6.35E-1 2
SDSSJ1649+1733 2.08  30.17 6.59    0.36    4.43    0.24    3.72     7.09    2.54    2.53     4.82    1.73    2
SDSSJ1158+1235 0.60  23.73 1.77E-1 0.10E-1 1.43E-1 0.08E-1 1.17E-1  2.23E-1 0.79E-1 9.54E-2 18.17E-2 6.45E-2 3
SDSSJ1320+3056 1.60  40.16 6.83    0.38    1.97    0.11    3.85     7.34    2.63    1.16     2.20    0.79    3
SDSSJ1418+2441 0.57  29.44 2.82E-1 0.16E-1 1.16E-1 0.06E-1 1.81E-1  3.45E-1 1.23E-1 7.88E-2 15.00E-2 5.32E-2 3
SDSSJ1426+0719 1.31  35.80 1.08    0.06    5.68E-1 0.31E-1 6.49E-1 12.37E-1 4.42E-1 3.52E-1  6.71E-1 2.39E-1 3
SDSSJ1430+0714 1.25  45.14 1.69    0.09    7.98E-1 0.44E-1 9.97E-1 19.00E-1 6.80E-1 4.87E-1  9.28E-1 3.31E-1 3
SDSSJ1458+5448 1.91  43.21 1.79    0.10    1.41    0.08    1.05     2.01    0.72    8.37E-1 15.94E-1 5.70E-1 3
SDSSJ1606+2900 0.77  25.55 1.33    0.07    1.21    0.07    7.91E-1 15.07E-1 5.39E-1 7.23E-1 13.77E-1 4.92E-1 3
SDSSJ1635+2911 1.59  41.68 1.23    0.07    5.37    0.30    7.36E-1 14.03E-1 5.01E-1 3.05     5.82    2.09    3
