J0002+0045  68 5/9   173.8   3.3 1005.0   8.7  655.8 198.0  920.2  59.8  65  64
J0002+0045 158 4/7    84.9   0.8 1018.5   9.6  408.5   3.3  371.7   1.2  65  64
J0009-0036  23 5/11  144.4   5.1  650.0   4.3  736.2   6.8  624.1 206.7 135  51
J0009-0036  67 0/11  235.6   1.9  619.4   3.0  705.7   8.7  610.7 191.3 135  51
J0135+1435  20 2/7   218.0   0.9  536.5 173.4  469.0 169.7  298.9 123.8  20  46
J0135+1435  81 3/5    78.2   0.5  500.5   3.7  515.1   4.6  285.9 174.7  20  46
J0156-0007  29 1/5   140.0   1.0  672.5 282.6  698.3 358.9  527.3 227.0 119 113
J0156-0007 119 3/3   241.5   3.0  618.4   6.2  419.7  20.5  616.4 217.3 119 113
J0731+4528  21 4/7    86.9   1.4  569.6   9.3  572.5 219.1  536.1 213.8 155   6
J0731+4528 111 6/9    56.0   0.4  567.0   2.8  574.7  17.6  447.9  17.9 155   6
J0736+4759  86 4/15  147.6   0.6  500.8   2.1  122.4   1.3  314.6   3.1  94  99
J0736+4759 176 4/13  169.8   1.0  513.7   3.0  248.7   1.7  329.6   6.2  94  99
J0749+4514  87 6/11   95.1  23.7  402.8   1.4  223.2   4.7  648.8 330.1   3 170
J0749+4514 177 9/11  241.2   0.2  411.1   0.8  350.9   0.9  410.6   0.6   3 170
J0752+2736  22 7/17  178.3   1.2  475.2   6.2  343.3  29.1  462.3 222.1 158  24
J0752+2736 112 4/13  185.3   0.5  574.7  30.3  182.6   4.1  449.0  16.2 158  24
J0802+3046  80 12/15  48.2   0.1  643.7   3.0  287.2   1.1  256.5   0.8 171 150
J0802+3046 170 8/17   85.4   0.2  655.4   1.4  280.3   1.1  253.8   0.5 171 150
J0803+3926  50 10/13 301.5   0.1  776.6   2.1  806.1   1.8  752.8   2.1 140  65
J0803+3926 140 4/5   105.5   0.2  789.9   2.0  780.9  46.7  709.6  12.7 140  65
J0814+2657  63 5/15   16.6   0.1  572.5   2.3  260.5   1.4  291.6   6.5 153  97
J0814+2657 153 5/15   70.0   0.8  580.7   3.3  280.3   3.5  291.2  10.6 153  97
J0821+5021  43 2/11   66.6   0.9  641.1   7.3  737.1  56.5  459.9 115.2 133 130
J0821+5021 133 9/19  285.5   2.2  657.8   4.2  791.6  48.2  660.5 223.5 133 130
J0854+5026  16 4/13  231.4   4.3  602.8   2.5  329.2   2.6  478.1  40.3  16 174
J0854+5026 106 1/13  120.3  34.8  623.0   6.5  331.9   1.9  588.4  41.6  16 174
J0855+6423  44 2/13  280.7   5.3  548.1  12.2  379.2   9.9  324.1  99.5  46 137
J0855+6423 134 0/7   303.9   2.6  491.3   6.3  387.5  28.5  392.1  27.5  46 137
J0930+3430  21 0/9   181.4   1.5  713.1   5.1  687.0  28.7  184.0   0.6 110 106
J0930+3430 111 2/13  230.0   2.8  757.8   7.1  647.9 133.2  825.2 109.1 110 106
J0944+1447  67 2/11   76.3   0.7  532.7  14.2  514.5  26.7  232.7  82.5 157 149
J0944+1447 157 2/9   263.2   4.6  625.5   5.9  493.4   6.8  447.0 136.9 157 149
J0959+2619  28 4/13  238.7   2.3  498.9   4.4  578.1  59.6  492.4  16.7 152  57
J0959+2619 118 4/7    99.6   2.5  491.3  18.9  573.7 165.8  198.8   2.8 152  57
J0959-0013  66 2/11  249.9  54.8  660.3  23.5  665.3  38.1  609.4 199.6  66  69
J0959-0013 156 2/11  241.8  81.5  733.9 161.6  211.8 105.8   93.4  33.4  66  69
J1013-0054  54 3/17  349.7  98.8  781.1  21.9  758.4  80.1  720.5  88.7 144  72
J1013-0054 144 3/13  265.4  10.5  746.6  15.3  638.3 285.6  744.8 391.8 144  72
J1018+5127  22 1/9   284.7  12.5  617.3  71.0  232.5   3.1  215.5 148.1  22  27
J1018+5127 112 2/9   146.3  70.0  615.7  22.9  197.4   3.8  258.1   9.1  22  27
J1027+1049  75 1/13  380.5  18.0  746.5 175.7  584.4 238.4  645.6 373.5  75 156
J1027+1049 165 0/11  424.3  15.4  758.8  28.3  656.5  26.9  737.1 246.9  75 156
J1056+3319  98 5/13  183.5   2.1  975.1  32.0  589.1 240.4  982.3  70.1  98 149
J1056+3319 188 2/9   292.7   4.3  955.4  36.6  636.7 216.0 1009.9  61.0  98 149
J1108+5918  28 4/11  327.7  18.9  477.4   7.0  280.8 109.5  564.6 248.5  28  50
J1108+5918 118 0/9    75.8   3.8  494.1  24.6  522.7 321.8  207.1 174.9  28  50
J1109+0201  31 1/9    69.2  15.4  559.7 125.0  366.8 167.9  268.9   2.8  31 120
J1109+0201 121 1/11  184.0  56.6  681.6  37.3  561.8  69.5  294.6   4.7  31 120
J1112+2750  12 2/7   171.2   0.8  603.5   4.7  605.0  52.3  576.4 220.2  87   5
J1112+2750 102 2/3   103.1   1.6  558.5   7.8  451.3 180.2  432.6 203.2  87   5
J1113+1657  44 3/9   169.1  74.0  718.1   9.6  532.0  19.9  328.6 185.8 134 132
J1113+1657 134 4/13  377.4 241.9  690.7  10.3  532.3  74.9  629.0 382.6 134 132
J1136+1358  76 2/9   209.3 117.9  211.2 147.8  321.2 121.2  226.3  28.9 166 140
J1136+1358 166 2/11  271.8 131.0  453.9 133.0  403.5 175.0  584.8 385.8 166 140
J1137+1437  85 1/11   82.4   3.6  597.9  25.9  245.4  81.1  505.9 279.7  85 113
J1137+1437 175 2/11  167.9  76.9  612.4  26.3  580.8 168.9  340.6 218.3  85 113
J1140+4452  54 1/9   441.5  51.9  673.9 307.9  353.0 118.6  404.9  63.9 144 131
J1140+4452 144 1/11  385.2 171.6  779.2 443.4  190.5  93.6  787.8 379.3 144 131
J1148-0216  29 1/9   336.9 130.6  721.9 258.3 1024.7 385.9  444.9 193.7  29  31
J1148-0216 119 1/11  664.4 265.7  775.5 289.0  348.2 175.9  327.9  45.0  29  31
J1150+0441  55 6/7   120.1   0.5  404.2   1.1  565.7  22.2  216.1  94.3  55  82
J1150+0441 145 3/7    91.7  18.3  446.3   3.9  295.9  56.5  230.7   0.5  55  82
J1152+1016  56 8/13  183.2   1.0  596.5   2.0  268.3  81.7  530.8  15.4  56 101
J1152+1016 146 3/5   259.6   1.0  638.7   1.5  461.5 138.0  661.0  42.0  56 101
J1152+1903  17 8/13   91.2   0.8  651.4   4.2  561.9  17.4  238.6   0.8  37  60
J1152+1903 107 3/13   40.9   0.2  644.2   1.5  404.6  13.6  219.7   0.7  37  60
J1156+0459  26 0/11  243.3   4.0  537.8  17.7  428.6 192.8  524.3  69.9  26  32
J1156+0459 116 3/13  246.1  37.5  559.3  15.7  319.6 104.7  583.1  40.5  26  32
J1203+1319  57 0/5   134.3  56.2  477.8 239.4  357.6 239.4  473.8 141.7  57  87
J1203+1319 147 5/5   286.9   3.8  531.7   3.0  539.3  25.5  463.1 191.8  57  87
J1203+2808  35 2/19  213.7 227.8  502.4 210.0  232.8  99.0  693.1 314.9  35  36
J1203+2808 125 1/11  236.8  76.3  571.0 187.9  369.5 155.0  498.1 181.2  35  36
J1208+2304  37 1/13  241.0 100.6  539.3  34.5  233.5  91.6  598.6  48.3  37  44
J1208+2304 127 0/11  221.4  92.4  534.1 166.6  424.1 203.7  487.0 157.9  37  44
J1221+6049  79 0/11  248.9  13.7  900.0  49.4  985.2 122.8  502.3  21.1  79 112
J1221+6049 169 4/9   234.9   6.1  888.1 308.8 1071.2 103.4  551.6 166.9  79 112
J1235+0608  84 5/19  171.7 146.7  950.6 506.7  436.1 376.7  266.3 121.5  84 103
J1235+0608 174 2/11  461.1 176.8  599.6 178.2  320.2 199.7  531.1 191.6  84 103
J1235+0502  96 1/11  155.2 130.0  299.8  29.2  684.1 563.1  347.6 154.1  96 111
J1235+0502 186 1/11   90.8 121.3  404.8 506.8  264.4 126.6  269.9 374.1  96 111
J1250+0746  79 0/11  142.5  73.1  380.8   5.1  341.6  99.6  320.8 179.7 169 166
J1250+0746 169 0/9   249.4   5.4  393.6   4.1  342.7 145.7  322.7 149.1 169 166
J1307+1243  10 0/13  286.0 156.2  886.2 326.9  350.0 133.7  744.7 385.3  10  83
J1307+1243 100 1/11  283.7   7.0  810.7  16.2  408.8  37.3  725.9 229.9  10  83
J1315+2134  74 3/11  541.6  11.2  735.0   4.5  639.8  21.1  737.0  64.5 164  75
J1315+2134 164 2/9   456.6  83.2  692.7 126.2  487.9  30.4  360.5   3.6 164  75
J1321-0014  69 2/11  247.4 192.5  637.2 368.5  186.6  88.1  637.2 368.5  69 157
J1321-0014 159 0/9   208.6 103.3  297.1 297.7  260.1 172.2   61.4  27.7  69 157
J1328+2752  39 1/13  250.7   5.9  446.7  29.3  251.0 110.7  624.4 307.5  39  39
J1328+2752 129 3/13  255.6  92.8  212.8  71.9  200.9  62.9  438.7 187.8  39  39
J1337+0353  91 11/15 319.1   1.4  344.0  74.0  257.6  62.8  540.1 175.5  91  91
J1337+0353 181 28/32 313.7  62.2  646.1  77.4  218.4  85.2  356.7 163.2  91  91
J1350+2311  83 1/5   572.9 150.9  551.0 163.7  548.0 232.5  495.7 232.7 173  94
J1350+2311 173 4/9   575.4   8.7  710.0   3.1  630.9 183.4  768.8  41.6 173  94
J1352+0525 162 20/27 327.0   1.0  583.9  11.6  542.1 121.5  200.5   7.1 162 164
J1352+0525 252 24/29 210.6  29.6  770.9 307.5  852.1 302.0  598.4 308.4 162 164
J1420+4959  79 0/11   70.1  36.6  400.9 209.2  514.5 169.2  288.8 159.6 169 167
J1420+4959 169 2/15  145.0   2.8  437.9   8.5  494.5 168.9  285.6  10.0 169 167
J1431+4358  87 3/11  359.1 136.2  348.3 144.8  578.5 283.2  354.6 167.1  87  59
J1431+4358 177 0/11  354.4 178.2  114.8  31.8  179.1 111.2  377.6 173.0  87  59
J1434+1405   6 17/24  79.6   6.2  421.7 140.8  458.3 139.9  328.1  85.4   6  20
J1434+1405  96 11/16 273.6  66.3  281.9   3.3  240.4 100.5  688.3  97.3   6  20
J1448+1825   0 3/7   229.4   1.3  500.6   1.5  453.1 111.7  451.7  43.1 170 176
J1448+1825  90 4/5   135.3   2.9  474.4   2.2  511.7 286.2  437.1  97.4 170 176
J1452+5110  79 18/24 279.4   2.9  258.8  25.6  557.1  76.2  336.0  45.2  79  34
J1452+5110 169 25/35 294.3  80.1  570.3 241.2  153.8 114.1  263.1  96.3  79  34
J1516+0517  81 0/13  271.8  10.5  571.7 135.2  360.5 108.3  279.7  91.2  81  95
J1516+0517 171 0/5   216.5   9.1  651.1  36.1  454.5 188.4  436.3 146.9  81  95
J1524+2743  12 2/17  506.3 216.8 1036.2 342.6 1202.0 443.2  319.7 124.5 102  22
J1524+2743 102 1/13  482.7 138.8 1039.0  65.0 1146.7 435.6  627.3 269.8 102  22
J1526+4140  38 2/13   85.6   0.8  426.9   4.0  522.0  31.1  234.8   1.5  38  73
J1526+4140 128 1/13  311.8   1.3  457.8   4.6  174.0  82.4  496.6  23.8  38  73
J1532+4532  33 2/11  215.4  33.4  552.3 200.0  404.8 145.9  547.4 345.1 123  67
J1532+4532 123 0/13  328.5 113.2  448.0 193.5  402.6 167.5  228.5 126.9 123  67
J1532+2601  56 1/11  303.3 234.4  911.7 432.9  811.0 302.4  407.8 263.7  56  61
J1532+2601 146 2/9   646.6 221.2  780.4 276.0  757.1 294.0  228.8 130.8  56  61
J1533+5750  57 22/31 268.5   2.0  359.8  68.0  558.0 220.6  422.1 139.8  57  57
J1533+5750 147 17/29  77.7   0.6  342.8 100.1  818.3 125.4  473.2 150.8  57  57
J1552+0433 113 16/24 114.3   4.9  414.2 111.8  441.3  75.9  429.4  88.2 113  31
J1552+0433 203 16/21 348.5   3.0  550.1  43.9  410.0 228.3  762.8 150.8 113  31
J1556+0948  46 3/5   144.2  87.8  739.6   9.3  535.9 146.4  739.4 105.1 160 135
J1556+0948 174 2/7   249.9  91.1  695.8   2.9  559.0  16.5  269.4   9.3 160 135
J1605+1522   9 4/7   256.9  87.8  680.7 168.3  623.9 174.4  664.2 215.3 171  19
J1605+1522  81 6/11  293.3  67.7  692.5  49.6  343.5 171.8  360.9 189.4 171  19
J1606+3427  17 20/25 540.3 135.3  500.3  22.0  432.5 163.5  650.7 389.4  17  17
J1606+3427 107 26/33 311.8  91.7  497.6 128.1  315.7  92.3  436.8 161.7  17  17
J1629+2408  30 4/5   278.2   3.1  478.2   7.6  627.6 329.5  247.3 100.6 119 116
J1629+2408 119 5/7   229.7   1.4  480.0   2.6  221.4  89.7  349.9 145.8 119 116
J1630+1649  30 17/22 270.7   0.4  565.5   5.1  618.6  10.1  573.3  10.2  30  45
J1630+1649 120 27/31 296.4   1.6  678.5  22.7  394.9  63.6  748.5 207.3  30  45
J1633+2627  65 3/5   326.5   4.8  385.6   6.6  298.9 120.3  376.4 165.0 138 114
J1633+2627 138 2/3   257.9 103.1  532.4  18.5  420.8  46.6  515.2 212.1 138 114
J1652+3107  73 28/41 253.7  46.0  565.4 201.5  476.1 143.0  295.5 119.8  73 163
J1652+3107 163 1/9    75.4   6.6  547.1  47.9  183.3  95.7  253.9 142.5  73 163
J1720+3106 152 15/22 292.5   0.8  492.7  82.6  239.2 102.4  428.4  71.5 153  37
J1720+3106 242 20/27 413.1 115.4  281.9  50.1  472.2 189.1  885.6 305.4 153  37
J2254-0051  35 2/11  234.5  52.3  780.8 485.1  806.9  38.7  866.8 449.6 115 117
J2254-0051  55 4/11  290.9  40.4  853.8  54.5 1110.0 351.3 1050.1 351.4 115 117
J2304-0933  29 1/13  105.9  53.1  503.7  12.8  589.7 101.0  231.6   3.7  61  41
J2304-0933  61 0/13  331.1   3.9  593.9  11.9  513.9  26.0  613.1  55.8  61  41
J2310-0900  28 4/13  326.5   4.8  636.0   7.1  374.6  11.3  389.6  66.2  66 147
J2310-0900  52 0/13  257.9 103.1  297.9   1.4  265.5  37.0  453.5 144.1  66 147
