J0002+0045 2.2520E+41 3.97E+40 1.516E+42 2.67E+41 6.8860E+44 1.216E+44 1.62 11 2  6330  980
J0009-0036 4.8130E+41 4.20E+40 4.444E+42 3.88E+41 2.0178E+45 1.764E+44 1.39 19 2  3610  410
J0135+1435 1.1040E+41 1.42E+40 4.520E+41 5.80E+40 6.4200E+43 8.200E+42 1.37 12 1  6430  800
J0156-0007 1.4200E+41 2.21E+40 5.690E+41 8.80E+40 8.0800E+43 1.260E+43 1.53 14 1  8330  810
J0731+4528 2.8440E+41 3.14E+40 1.427E+42 1.57E+41 6.4790E+44 7.160E+43 1.57 10 1  6130  750
J0736+4759 5.7290E+41 5.04E+40 2.601E+42 2.29E+41 1.1808E+45 1.040E+44 1.78 14 2  3600  410
J0749+4514 3.5300E+40 4.50E+39 1.040E+41 1.30E+40 1.4800E+43 1.900E+42 0.63 25 3  2180  290
J0752+2736 1.7690E+41 2.30E+40 5.490E+41 7.10E+40 7.8000E+43 1.010E+43 1.32 14 1  2670  240
J0802+3046 5.7270E+41 4.69E+40 1.990E+42 1.63E+41 9.0360E+44 7.410E+43 1.45 27 1  7350  330
J0803+3926 5.3520E+41 4.41E+40 6.990E+42 5.76E+41 3.1736E+45 2.616E+44 1.26 31 2  7360  520
J0814+2657 1.3960E+41 4.01E+40 8.370E+41 2.41E+41 1.1890E+44 3.420E+43 1.49 23 2  6380  670
J0821+5021 1.2380E+41 1.97E+40 8.310E+41 1.32E+41 1.1810E+44 1.880E+43 1.77 21 1  6890  490
J0854+5026 1.9910E+41 3.07E+40 4.530E+41 6.90E+40 6.4400E+43 9.900E+42 1.77 17 1  5520  450
J0855+6423 2.2600E+40 4.10E+39 9.190E+41 1.70E+41 1.3050E+44 2.410E+43 0.72 28 2  2920  190
J0930+3430 6.1500E+40 1.93E+40 8.280E+41 2.60E+41 1.1750E+44 3.700E+43 1.18 23 2  5070  450
J0944+1447 3.3600E+40 3.34E+40 4.510E+41 4.49E+41 6.4100E+43 6.380E+43 1.47 20 3  6170  850
J0959+2619 1.6140E+41 1.75E+40 5.730E+41 6.20E+40 8.1400E+43 8.800E+42 1.00 21 1  2880  200
J0959-0013 4.0200E+41 4.31E+40 7.020E+41 7.50E+40 9.9700E+43 1.070E+43 1.69 11 2  3560  550
J1013-0054 3.8400E+40 8.70E+39 3.730E+41 8.40E+40 5.3000E+43 1.200E+43 0.84 16 4  2820  650
J1018+5127 7.2900E+40 2.47E+40 5.040E+41 1.71E+41 7.1600E+43 2.430E+43 1.39 10 1  2920  220
J1027+1049 7.9400E+40 1.35E+40 6.400E+41 1.09E+41 9.0900E+43 1.540E+43 1.25 14 2  3690  560
J1056+3319 8.7100E+40 1.45E+40 7.390E+41 1.23E+41 1.0500E+44 1.740E+43 1.00 15 5  2940  980
J1108+5918 2.9280E+41 3.12E+40 7.640E+41 8.10E+40 1.0850E+44 1.150E+43 1.61 18 2  6090  560
J1109+0201 2.0810E+41 2.88E+40 7.200E+41 1.00E+41 1.0230E+44 1.420E+43 1.22 13 1  3070  350
J1112+2750 3.3500E+40 5.70E+39 1.730E+41 2.90E+40 2.4600E+43 4.200E+42 0.93 16 3  5820  940
J1113+1657 3.8500E+40 9.60E+39 2.160E+41 5.40E+40 3.0700E+43 7.700E+42 1.04 12 2  2630  460
J1136+1358 4.0500E+40 7.10E+39 3.790E+41 6.60E+40 5.3900E+43 9.400E+42 1.54 17 2  5190  780
J1137+1437 1.0130E+41 2.29E+40 2.500E+41 5.60E+40 3.5500E+43 8.000E+42 1.53 16 2  5140  560
J1140+4452 3.0000E+40 1.20E+40 4.100E+40 1.60E+40 5.8000E+42 2.200E+42 1.32  9 3  2220  770
J1148-0216 1.3910E+41 4.83E+40 6.130E+41 2.13E+41 8.7100E+43 3.030E+43 1.60 10 1  3350  400
J1150+0441 1.1310E+41 1.18E+40 2.280E+41 2.30E+40 3.2400E+43 3.400E+42 0.80 18 3  5620  850
J1152+1016 1.9326E+42 8.82E+40 3.452E+42 1.57E+41                      1.33 38 1 10650  400
J1152+1903 2.5580E+41 4.65E+40 1.467E+42 2.66E+41 6.6600E+44 1.210E+44 1.79 26 1  9060  480
J1156+0459 1.6010E+41 3.06E+40 3.900E+41 7.40E+40 5.5400E+43 1.060E+43 1.51 19 2  5700  490
J1203+1319 2.8000E+40 1.05E+40 4.800E+40 1.70E+40 6.8000E+42 2.400E+42 1.13 21 4  4760 1020
J1203+2808 3.8200E+40 1.26E+40 6.820E+41 2.25E+41 9.6800E+43 3.200E+43 1.33 13 2  3350  450
J1208+2304 5.5600E+40 1.93E+40 4.040E+41 1.40E+41 5.7400E+43 1.990E+43 1.40 12 1  3530  430
J1221+6049 2.3490E+41 3.55E+40 6.830E+41 1.03E+41 9.7100E+43 1.460E+43 1.22 12 1  3070  280
J1235+0608 1.3460E+41 2.12E+40 5.380E+41 8.40E+40 7.6400E+43 1.200E+43 1.75 13 2  4410  890
J1235+0502 1.5400E+40 5.60E+39 7.300E+40 2.60E+40 1.0400E+43 3.700E+42 1.26  9 2  2110  450
J1250+0746 1.8800E+40 4.10E+39 5.700E+40 1.20E+40 8.2000E+42 1.800E+42 0.99 19 3  3730  530
J1307+1243 5.0100E+40 1.78E+40 2.490E+41 8.90E+40 3.5400E+43 1.260E+43 1.23 13 3  3090  880
J1315+2134 2.3640E+41 2.44E+40 1.946E+42 2.01E+41 8.8350E+44 9.140E+43 1.34 24 2  6770  670
J1321-0014 2.5000E+40 1.17E+40 8.400E+40 3.90E+40 1.2000E+43 5.600E+42 1.55 10 1  3260  380
J1328+2752 2.2030E+41 3.58E+40 5.260E+41 8.50E+40 7.4700E+43 1.210E+43 1.70 24 1  8580  420
J1337+0353 9.3000E+39 2.70E+39 6.400E+40 1.80E+40 9.1000E+42 2.600E+42 0.47 55 8  1490  210
J1350+2311 2.0750E+41 1.92E+40 1.281E+42 1.19E+41 5.8180E+44 5.400E+43 1.10 28 2  6480  380
J1352+0525 2.2120E+41 4.31E+40 6.990E+41 1.36E+41 9.9200E+43 1.930E+43 1.49 34 1  3010  100
J1420+4959 4.2640E+40 1.34E+40 1.008E+42 3.18E+41 4.5760E+44 1.445E+44 1.22 25 3  6160  850
J1431+4358 2.7000E+40 2.61E+40 6.730E+41 6.52E+41 9.5600E+43 9.260E+43 1.78  4 2  1500  670
J1434+1405 2.9200E+40 1.67E+40 4.060E+41 2.33E+41 5.7700E+43 3.310E+43 1.33 33 4  2530  290
J1448+1825 7.1100E+40 8.90E+39 2.350E+41 2.90E+40 3.3300E+43 4.100E+42 0.75 15 2  4120  670
J1452+5110 1.1600E+41 1.84E+40 2.950E+41 4.70E+40 4.1800E+43 6.600E+42 1.44 33 2  2730  170
J1516+0517 7.5200E+40 9.20E+39 1.480E+41 1.80E+40 2.1100E+43 2.500E+42 1.00 33 1  6740  250
J1524+2743 3.6070E+41 3.48E+40 8.890E+41 8.50E+40 1.2620E+44 1.220E+43 1.31 20 3  5510  910
J1526+4140 1.5100E+40 6.00E+38 5.800E+40 2.00E+39 8.2000E+42 3.000E+41 0.17 27 3   950  100
J1532+4532 4.7800E+40 2.38E+40 3.320E+41 1.65E+41 4.7100E+43 2.350E+43 1.36 17 1  4580  360
J1532+2601 1.6970E+41 4.55E+40 5.640E+41 1.51E+41 8.0100E+43 2.150E+43 1.81 10 2  3800  620
J1533+5750 6.3300E+40 1.47E+40 6.120E+41 1.42E+41 8.7000E+43 2.020E+43 1.29 28 2  2140  140
J1552+0433 5.9500E+40 8.70E+39 2.160E+41 3.10E+40 3.0700E+43 4.500E+42 1.52 33 1  2870  110
J1556+0948 1.7730E+41 8.90E+39 4.240E+41 2.10E+40 6.0200E+43 3.000E+42 1.30 11 4  5070 1850
J1605+1522 2.4400E+40 4.70E+39 3.900E+40 7.00E+39 5.5000E+42 1.000E+42 0.83 18 2  2160  260
J1606+3427 3.6300E+40 8.90E+39 1.280E+41 3.10E+40 1.8300E+43 4.500E+42 1.07 34 2  2150  150
J1629+2408 2.0900E+40 7.70E+39 2.900E+42 1.07E+42 1.3167E+45 4.848E+44 1.15 10 2  4480  750
J1630+1649 1.7970E+41 9.70E+39 3.360E+41 1.80E+40 4.7700E+43 2.500E+42 0.68 38 2  1540   80
J1633+2627 3.1400E+40 2.24E+40 3.170E+41 2.26E+41 4.5000E+43 3.210E+43 1.36 10 1  5300  740
J1652+3107 3.4500E+40 1.25E+40 1.230E+41 4.40E+40 1.7500E+43 6.300E+42 1.43 32 3  2700  280
J1720+3106 2.0030E+41 3.39E+40 9.480E+41 1.60E+41 1.3470E+44 2.280E+43 1.77 31 4  3150  430
J2254-0051 4.5700E+40 9.80E+39 3.480E+41 7.50E+40 4.9500E+43 1.070E+43 1.51 13 1  2600  240
J2304-0933 2.0200E+40 3.00E+39 1.107E+42 1.65E+41 5.0270E+44 7.510E+43 0.64 21 3  1850  260
J2310-0900 2.0280E+41 3.18E+40 4.080E+41 6.40E+40 5.8000E+43 9.100E+42 1.75 22 1  5550  230
