SDSS J001828.09-003412.3 0.069291 0.000017  -64.4 14.7  -70.0 14.7  -67.2 10.4
SDSS J002312.35+003956.2 0.072648 0.000020   47.9 14.8   54.8 14.7   51.4 10.4
SDSS J003908.37-105833.0 0.065406 0.000020  -72.6 14.8  -52.1 14.8  -62.4 10.5
SDSS J003948.38-090834.5 0.037475 0.000023   52.6 14.7   49.7 14.7   51.1 10.4
SDSS J004000.73-005146.0 0.111223 0.000017   57.6 18.0   79.7 16.6   69.6 12.2
SDSS J004408.00-005943.8 0.130096 0.000017  -80.0 19.0  -83.9 18.4  -82.0 13.2
SDSS J011031.30+003636.5 0.122260 0.000012   80.1 17.7   74.0 17.5   77.0 12.5
SDSS J011333.06+002947.9 0.044105 0.000016  -65.6 15.6  -81.9 15.0  -74.0 10.8
SDSS J013258.91-102707.0 0.032219 0.000016   54.3 14.6   58.2 14.6   56.2 10.3
SDSS J014659.14+130730.4 0.018363 0.000090  -59.6 14.3  -45.6 14.4  -52.6 10.2
SDSS J020730.09+005653.2 0.131258 0.000027   83.9 17.1   97.6 16.5   91.0 11.8
SDSS J021945.47+001657.3 0.174515 0.000029  128.8 23.7  111.0 22.3  119.3 16.2
SDSS J023953.42-001602.5 0.135791 0.000022   61.3 19.7   63.4 19.5   62.3 13.9
SDSS J024035.65-083249.6 0.037546 0.000013  -85.9 15.9  -91.7 15.6  -88.8 11.1
SDSS J025445.26+010259.4 0.136634 0.000017   52.4 16.8   55.8 16.3   54.1 11.7
SDSS J030903.18-061743.0 0.125068 0.000021   69.5 16.9   85.2 15.8   77.9 11.6
SDSS J072520.55+413900.8 0.070037 0.000015  -66.6 17.5  -61.2 16.5  -63.8 12.0
SDSS J073358.99+422304.5 0.027004 0.000013   51.4 15.0   59.8 15.0   55.6 10.6
SDSS J073505.49+445048.3 0.109380 0.000027  -69.9 16.2  -63.9 15.9  -66.8 11.3
SDSS J074547.86+265537.9 0.114813 0.000013  -95.3 15.5 -104.0 15.5  -99.7 10.9
SDSS J074714.63+424520.3 0.180675 0.000019  -74.0 16.3  -79.3 16.3  -76.6 11.5
SDSS J074908.33+312335.6 0.198458 0.000023  -61.7 19.8  -62.6 19.1  -62.2 13.8
SDSS J075516.36+451704.9 0.050570 0.000026  168.8 16.3  159.6 16.4  164.2 11.6
SDSS J075758.11+362356.8 0.076313 0.000016   57.0 15.3   69.7 15.3   63.3 10.8
SDSS J075947.69+393333.2 0.085052 0.000013   53.5 16.2   50.1 16.1   51.8 11.4
SDSS J080437.84+173801.2 0.127147 0.000019  -85.9 21.7 -109.9 21.1  -98.2 15.1
SDSS J080440.89+162339.8 0.123289 0.000032 -127.1 17.5 -137.6 17.2 -132.4 12.3
SDSS J080455.73+383349.4 0.103129 0.000017  -57.2 15.6  -56.9 15.1  -57.1 10.9
SDSS J080601.51+190614.7 0.097875 0.000024  -96.8 16.1 -110.3 15.7 -103.7 11.2
SDSS J080727.20+423403.8 0.100396 0.000011   52.8 14.9   59.4 14.9   56.1 10.5
SDSS J080829.78+383659.9 0.063252 0.000025   97.0 19.8   88.2 19.1   92.4 13.7
SDSS J081346.82+412102.9 0.100182 0.000025   63.7 19.9   74.3 19.5   69.1 13.9
SDSS J081458.25+365325.6 0.109138 0.000012   79.9 15.9   71.5 15.9   75.7 11.3
SDSS J081547.55+161338.6 0.117211 0.000024  100.7 22.9  129.2 18.1  118.3 14.2
SDSS J081657.65+095557.5 0.133757 0.000018  -84.3 24.3  -84.0 24.3  -84.1 17.2
SDSS J082049.78+372741.6 0.085496 0.000012  -77.0 15.9  -90.6 15.4  -84.0 11.1
SDSS J082359.55+155054.5 0.094737 0.000016  -64.8 16.3  -55.5 16.1  -60.1 11.5
SDSS J082750.78+375626.9 0.087116 0.000019   70.8 16.2   53.6 15.9   62.1 11.3
SDSS J082936.66+244251.1 0.090511 0.000015   69.5 17.0   87.0 15.2   79.3 11.3
SDSS J083234.55+591709.6 0.127791 0.000025  -68.5 21.3  -63.9 19.2  -65.9 14.3
SDSS J083248.96+434954.5 0.081292 0.000018   73.7 24.4   71.6 21.0   72.5 15.9
SDSS J083355.64+441931.5 0.146316 0.000020   56.7 18.6   55.5 17.1   56.0 12.6
SDSS J083902.95+470756.3 0.052359 0.000060  -51.1 14.7  -48.3 14.7  -49.7 10.4
SDSS J084255.94+292726.9 0.193663 0.000043 -162.0 24.4 -160.8 23.9 -161.4 17.1
SDSS J084300.76+075128.5 0.134497 0.000018   87.8 16.7   99.8 16.5   93.9 11.7
SDSS J084805.77+542616.0 0.046712 0.000010  -49.3 15.1  -55.1 14.6  -52.3 10.5
SDSS J084957.18+044735.5 0.097031 0.000025  -69.7 17.0  -59.6 16.3  -64.5 11.8
SDSS J085135.80+393523.1 0.041022 0.000011   49.3 15.1   51.4 14.9   50.4 10.6
SDSS J085344.11+150805.0 0.070950 0.000013  -60.8 17.5  -71.2 16.1  -66.5 11.9
SDSS J085459.08+440501.2 0.137776 0.000027  -94.3 17.0 -103.4 17.0  -98.9 12.0
SDSS J085707.88+435219.2 0.100324 0.000015  -61.1 15.9  -49.8 15.7  -55.4 11.2
SDSS J085809.52+030800.1 0.070998 0.000013  -52.3 15.3  -67.9 15.2  -60.2 10.8
SDSS J085948.12-002146.6 0.121006 0.000016   75.3 16.2   91.5 15.8   83.6 11.3
SDSS J090127.16+203705.5 0.116045 0.000025   62.2 18.6   59.6 17.2   60.8 12.6
SDSS J090132.50+473348.4 0.172857 0.000046 -129.3 20.6 -105.1 22.7 -118.4 15.2
SDSS J090413.82+535615.7 0.097729 0.000070   55.9 17.0   61.5 17.0   58.7 12.0
SDSS J090533.54+184002.6 0.122413 0.000027 -223.3 18.7 -217.0 18.3 -220.1 13.1
SDSS J090541.02+332421.7 0.063735 0.000011 -104.0 23.1  -74.0 20.6  -87.3 15.4
SDSS J090552.53+170211.2 0.101498 0.000018  -69.7 18.1  -58.8 17.9  -64.2 12.8
SDSS J090818.04+032010.7 0.135861 0.000032   78.1 17.7   79.9 18.5   78.9 12.8
SDSS J091339.47+295934.6 0.022515 0.000090 -181.3 20.0 -175.2 16.9 -177.8 12.9
SDSS J091445.53+413714.4 0.140383 0.000026  -63.8 20.8  -62.2 18.7  -62.9 13.9
SDSS J091521.99+112140.0 0.102114 0.000033   69.3 19.2   56.5 17.3   62.2 12.8
SDSS J091542.95+515333.5 0.058637 0.000022   86.8 15.6   75.0 15.5   80.8 11.0
SDSS J091830.15+462936.5 0.073401 0.000015  -73.7 15.7  -70.8 15.7  -72.2 11.1
SDSS J091858.28+140613.7 0.199655 0.000019  -65.6 18.2  -53.6 17.6  -59.4 12.6
SDSS J091925.83+065414.2 0.091692 0.000024  -66.2 17.1  -66.6 17.3  -66.4 12.2
SDSS J092106.50+311342.2 0.096926 0.000022  -82.9 16.4  -79.1 16.5  -81.0 11.6
SDSS J092333.57+393718.5 0.197890 0.000030   88.7 20.9   93.8 20.2   91.3 14.5
SDSS J092344.84+263439.2 0.187469 0.000019   96.6 20.1   80.2 20.0   88.4 14.2
SDSS J092617.51+413026.2 0.143599 0.000016  -58.1 17.8  -63.1 17.0  -60.7 12.3
SDSS J092845.49+534058.6 0.185443 0.000043 -175.8 25.8 -165.8 25.1 -170.6 18.0
SDSS J092907.77+002637.1 0.117323 0.000015  213.9 36.0  222.2 36.0  218.1 25.5
SDSS J093137.20+342205.3 0.131081 0.000026 -120.5 16.7 -119.2 15.6 -119.8 11.4
SDSS J093339.81+210140.2 0.047036 0.000016   60.0 15.5   57.4 15.4   58.7 10.9
SDSS J093425.77+515316.4 0.141672 0.000018   53.2 17.1   69.9 16.9   61.7 12.0
SDSS J093457.60+214218.9 0.012388 0.000070  -73.2 16.1  -82.9 14.8  -78.4 10.9
SDSS J093518.34+290116.6 0.128896 0.000020   69.9 16.8   87.7 16.5   79.0 11.8
SDSS J093521.45-000400.5 0.090799 0.000026   81.3 16.9   83.9 16.8   82.6 11.9
SDSS J093523.60+263609.1 0.132313 0.000026   70.6 15.5   52.0 15.6   61.3 11.0
SDSS J093620.41+514115.7 0.131105 0.000022  -79.9 17.3  -65.4 17.9  -72.9 12.5
SDSS J093939.90+330400.1 0.154308 0.000023  -77.2 19.5  -71.9 19.6  -74.6 13.8
SDSS J094118.41+342439.4 0.130705 0.000027  -67.4 19.0  -86.1 18.0  -77.2 13.1
SDSS J094414.44+091131.7 0.114667 0.000029  -73.7 17.8  -65.7 18.1  -69.8 12.7
SDSS J094424.77+081234.2 0.178730 0.000030   97.3 19.8  104.0 19.3  100.7 13.8
SDSS J094735.81+070002.3 0.144763 0.000026   87.7 21.4   81.6 21.3   84.6 15.1
SDSS J094937.92+404125.1 0.046991 0.000013  -48.9 15.5  -62.3 15.1  -55.8 10.8
SDSS J094952.94+272000.0 0.090373 0.000024  -73.2 20.3  -62.8 18.4  -67.5 13.6
SDSS J094954.34+565154.2 0.196651 0.000032  -76.5 25.2  -77.9 21.7  -77.3 16.5
SDSS J095210.49+180447.8 0.040722 0.000014  -63.2 15.4  -60.8 15.0  -62.0 10.7
SDSS J095402.22+103629.6 0.039844 0.000013   61.9 16.6   54.3 15.4   57.8 11.3
SDSS J095418.49+422553.1 0.071846 0.000019  -88.6 16.0  -79.7 15.6  -84.0 11.2
SDSS J095432.38+634657.2 0.153778 0.000016   63.7 17.6   64.8 17.8   64.2 12.5
SDSS J095528.17+034450.1 0.094204 0.000014   70.7 16.8   79.6 15.8   75.4 11.5
SDSS J100129.55+193032.8 0.055128 0.000020  -48.4 15.1  -58.0 14.8  -53.3 10.6
SDSS J100246.29+025303.2 0.177929 0.000028  154.2 18.4  147.6 17.7  150.8 12.7
SDSS J100426.03+020104.3 0.122363 0.000019  -70.8 17.4  -91.5 16.6  -81.6 12.0
SDSS J100447.67+464309.6 0.024171 0.000010   62.7 18.9   54.5 17.0   58.2 12.6
SDSS J100508.27+104054.7 0.153819 0.000090   49.7 16.2   57.8 16.1   53.8 11.4
SDSS J100721.77+360928.8 0.028955 0.000090  -48.7 15.8  -55.4 15.1  -52.2 10.9
SDSS J100910.68+030457.3 0.045163 0.000010   80.9 21.3   64.6 17.3   71.1 13.4
SDSS J100911.27+225330.3 0.052603 0.000011  -78.1 18.7  -67.7 15.6  -72.0 12.0
SDSS J100933.03+361323.8 0.116298 0.000017  -82.9 20.8  -90.4 20.8  -86.6 14.7
SDSS J101355.16+553030.0 0.125714 0.000017  -90.8 16.1 -101.3 16.0  -96.0 11.4
SDSS J101535.53+485836.0 0.051416 0.000014  -62.3 16.7  -53.3 16.8  -57.8 11.8
SDSS J101536.21+005459.4 0.120219 0.000090   50.3 15.9   56.9 15.8   53.6 11.2
SDSS J101628.56+225327.9 0.110171 0.000027   82.0 21.3   94.4 20.3   88.5 14.7
SDSS J101847.57+294114.1 0.082210 0.000015  -50.4 14.5  -52.1 14.4  -51.3 10.2
SDSS J101929.37-000114.5 0.092938 0.000010   57.8 15.8   68.9 15.6   63.5 11.1
SDSS J101936.97+624615.2 0.096232 0.000020   84.7 25.5   98.2 19.3   93.3 15.4
SDSS J102002.39+475720.6 0.195570 0.000038  -94.5 24.6  -85.6 27.0  -90.5 18.2
SDSS J102003.33+474342.6 0.192092 0.000022   71.2 21.0   82.6 21.2   76.8 14.9
SDSS J102124.19+060944.7 0.073213 0.000023   88.7 17.0   65.3 17.1   77.1 12.0
SDSS J102410.73+062118.8 0.056640 0.000015  -58.3 15.4  -56.6 15.2  -57.4 10.8
SDSS J102513.24+270541.3 0.116631 0.000011  -48.4 16.1  -50.0 16.1  -49.2 11.4
SDSS J102942.52+025347.2 0.087729 0.000021   52.1 16.4   61.8 15.5   57.3 11.3
SDSS J103012.84+111313.8 0.144214 0.000014   56.8 17.1   57.2 17.0   57.0 12.1
SDSS J103150.86+355737.8 0.088238 0.000043  316.2 17.4  324.6 17.2  320.4 12.2
SDSS J103552.66+343557.6 0.121117 0.000020   96.8 19.8   88.0 18.8   92.2 13.7
SDSS J103807.79+391432.7 0.145365 0.000021  -70.8 20.2  -85.1 20.1  -78.0 14.3
SDSS J104140.12+542419.4 0.123939 0.000024   83.1 21.7   94.9 19.9   89.5 14.7
SDSS J104158.45-003005.1 0.138449 0.000017   84.8 15.7  100.3 15.5   92.7 11.0
SDSS J104413.15-001504.7 0.075068 0.000019   48.0 15.4   45.4 14.9   46.6 10.7
SDSS J104700.86+153936.1 0.132811 0.000024  -81.6 18.7  -61.7 19.6  -72.1 13.5
SDSS J105017.98+233448.1 0.054580 0.000010  -81.3 19.1  -77.7 16.6  -79.2 12.5
SDSS J105042.83+280354.3 0.078118 0.000018   63.2 16.9   79.4 15.9   71.8 11.6
SDSS J105149.07+580541.1 0.174642 0.000016  -72.9 19.5  -75.3 19.4  -74.1 13.8
SDSS J105211.74+053333.4 0.156092 0.000035  -80.7 21.1  -74.4 19.9  -77.4 14.5
SDSS J105355.87+552939.0 0.046738 0.000016  -59.6 15.7  -60.8 15.5  -60.2 11.0
SDSS J105453.47+204601.7 0.191288 0.000025  -94.6 19.9 -101.4 19.6  -98.0 13.9
SDSS J105553.64+152027.5 0.092005 0.000016 -113.2 14.7 -112.1 14.7 -112.6 10.4
SDSS J105745.20+265727.9 0.117533 0.000021  -76.3 19.8  -81.0 18.6  -78.8 13.5
SDSS J110000.03+435655.7 0.090516 0.000017  -69.8 19.2  -63.0 19.3  -66.4 13.6
SDSS J110242.77+072501.0 0.069729 0.000020  122.6 17.3  103.4 15.5  111.9 11.5
SDSS J110847.87+590642.3 0.141143 0.000029 -109.7 23.3  -98.8 20.0 -103.4 15.1
SDSS J111001.57+245331.7 0.190095 0.000042  -73.5 22.9  -81.0 22.4  -77.3 16.0
SDSS J111235.47+220325.0 0.135529 0.000030  107.8 23.2  105.1 21.9  106.4 15.9
SDSS J111454.78+542311.9 0.066330 0.000012   66.0 18.2   59.9 15.2   62.4 11.7
SDSS J111517.19+261335.3 0.179323 0.000022   69.6 18.7   61.9 18.1   65.6 13.0
SDSS J111519.97+542316.6 0.070425 0.000010  -65.3 16.8  -71.7 16.7  -68.5 11.9
SDSS J111526.61+540823.6 0.107604 0.000013   86.4 18.1  104.9 18.0   95.7 12.7
SDSS J111628.72+313047.7 0.108308 0.000036  -93.2 30.9  -86.9 25.4  -89.5 19.6
SDSS J111720.21+141532.9 0.085419 0.000017   80.3 19.6   64.2 17.8   71.5 13.2
SDSS J111729.22+614015.2 0.111929 0.000014   73.9 16.6   95.7 16.4   84.9 11.7
SDSS J111808.66+415425.4 0.083292 0.000010  -68.9 16.2  -76.6 16.0  -72.8 11.4
SDSS J112047.11+421802.2 0.096010 0.000024   76.0 18.4   62.0 17.2   68.5 12.5
SDSS J112111.55-001737.7 0.098364 0.000023  -56.3 18.1  -53.5 16.9  -54.8 12.3
SDSS J112247.48+241829.5 0.095899 0.000027   75.1 17.8   56.5 17.8   65.7 12.6
SDSS J112346.87+171907.8 0.134770 0.000019   59.1 17.3   54.1 16.2   56.4 11.8
SDSS J112956.14+261102.6 0.167861 0.000017  -63.2 17.5  -67.3 17.2  -65.3 12.3
SDSS J113059.80+412023.7 0.168507 0.000025  -65.1 20.1  -64.2 19.4  -64.7 13.9
SDSS J113150.91+604757.8 0.145365 0.000016  -75.7 17.9 -100.0 17.7  -88.0 12.6
SDSS J113412.68+581543.7 0.122068 0.000020   96.1 17.8  117.2 16.6  107.4 12.1
SDSS J113419.72-020225.5 0.112017 0.000016  -52.1 16.4  -67.2 16.8  -59.5 11.7
SDSS J113427.19+540501.0 0.069596 0.000016  -59.1 16.3  -61.1 15.3  -60.1 11.2
SDSS J113616.73+575751.5 0.083886 0.000023   98.5 17.5   88.5 17.6   93.6 12.4
SDSS J113753.84+332129.4 0.082259 0.000017   76.1 16.1   66.1 15.2   70.8 11.0
SDSS J113912.86+113051.8 0.108252 0.000015   68.0 15.0   81.3 15.0   74.6 10.6
SDSS J114016.98+174340.4 0.011586 0.000013  -62.9 15.4  -63.7 15.6  -63.3 10.9
SDSS J114108.08+233751.6 0.139925 0.000036  -96.6 20.0  -71.3 18.6  -83.0 13.6
SDSS J114115.11+104315.4 0.103665 0.000019  -58.3 19.4  -64.7 18.5  -61.7 13.4
SDSS J114317.61+192302.5 0.021180 0.000090  -74.7 24.7  -78.5 16.6  -77.3 13.8
SDSS J114738.80-024915.5 0.123107 0.000019   69.3 18.7   58.9 18.7   64.1 13.2
SDSS J115309.83+172247.8 0.165610 0.000024   90.0 18.8   98.4 18.7   94.2 13.3
SDSS J115610.65+233519.1 0.052136 0.000090  -55.0 15.3  -59.8 15.3  -57.4 10.8
SDSS J115843.49+650828.6 0.171737 0.000028   85.4 17.5   91.6 16.9   88.6 12.1
SDSS J115945.21+040031.7 0.092812 0.000017  -87.6 18.8  -87.2 17.0  -87.4 12.6
SDSS J120307.79+252543.5 0.082771 0.000010  -52.4 15.3  -46.4 15.4  -49.4 10.8
SDSS J120401.97+012641.6 0.083534 0.000018   64.4 18.0   68.6 18.3   66.5 12.8
SDSS J120504.93+500718.7 0.122539 0.000019   65.3 17.5   76.7 17.4   71.0 12.4
SDSS J120524.05+615231.2 0.049606 0.000017 -107.6 35.6  -82.1 26.8  -91.3 21.4
SDSS J120643.59+282257.2 0.172088 0.000023   64.7 17.7   69.4 17.2   67.1 12.3
SDSS J120734.05+200052.5 0.175856 0.000015  -71.9 18.9  -72.4 18.8  -72.1 13.3
SDSS J120915.45+460228.6 0.169296 0.000031 -106.7 22.0 -116.7 21.3 -111.9 15.3
SDSS J121330.41+622632.7 0.157407 0.000039   93.9 26.4   86.4 22.2   89.5 17.0
SDSS J121738.49+521726.1 0.169637 0.000023   64.3 17.9   61.8 17.8   63.0 12.6
SDSS J121822.88+240300.4 0.111047 0.000016   72.0 17.2   76.6 16.4   74.4 11.9
SDSS J122019.89+411459.6 0.117118 0.000033  -80.9 22.4  -78.5 21.6  -79.6 15.6
SDSS J122034.86+294350.5 0.103994 0.000013   52.8 17.5   60.9 17.1   56.9 12.2
SDSS J122217.54-000744.5 0.172080 0.000030  102.5 16.2   98.2 16.1  100.3 11.4
SDSS J122354.50-031519.6 0.110617 0.000021   49.0 16.0   64.7 16.3   56.7 11.4
SDSS J122443.43+442438.8 0.125582 0.000017  219.4 23.8  204.9 23.8  212.2 16.9
SDSS J122453.51+083642.3 0.089288 0.000016   76.2 19.7   68.3 16.7   71.6 12.7
SDSS J122546.74+134100.3 0.173117 0.000038  -77.1 19.0  -77.2 19.3  -77.2 13.5
SDSS J123107.77+124435.7 0.109522 0.000017  -68.9 17.3  -65.1 16.9  -67.0 12.1
SDSS J123526.64+490650.3 0.105114 0.000019  -57.5 17.5  -61.3 17.5  -59.4 12.4
SDSS J123804.16+482042.3 0.030611 0.000018   71.2 14.7   80.0 14.5   75.7 10.3
SDSS J123854.96+681601.0 0.097591 0.000012 -129.1 17.8 -105.9 17.9 -117.6 12.6
SDSS J123951.66+345829.8 0.043059 0.000010  -50.5 15.6  -61.1 14.7  -56.2 10.7
SDSS J124128.46+192318.4 0.057796 0.000080  -46.3 15.1  -46.5 15.1  -46.4 10.7
SDSS J124135.09+285036.5 0.066320 0.000030  199.3 19.6  184.9 18.6  191.7 13.5
SDSS J124435.92+071628.3 0.082699 0.000018   86.7 15.5   66.4 15.5   76.6 11.0
SDSS J124505.09+274757.5 0.139320 0.000015   79.3 18.7   74.2 18.0   76.7 13.0
SDSS J124630.95+674723.8 0.082308 0.000027   57.6 15.6   69.1 15.1   63.5 10.8
SDSS J124711.31+542041.0 0.171158 0.000034 -104.1 22.2 -116.2 18.7 -111.2 14.3
SDSS J124713.08-002057.2 0.082646 0.000019  -68.1 15.6  -54.3 16.1  -61.5 11.2
SDSS J124823.45+082903.6 0.003469 0.000019   99.2 17.0  100.2 15.9   99.7 11.6
SDSS J125031.83+410219.8 0.138135 0.000024  -66.3 18.8  -54.4 18.1  -60.1 13.0
SDSS J125755.85+193433.4 0.132594 0.000030   91.6 28.0   78.1 23.4   83.7 18.0
SDSS J125831.64+282753.9 0.095933 0.000018 -102.5 19.8 -116.2 18.2 -109.9 13.4
SDSS J130407.73+191238.3 0.066341 0.000015  -95.4 16.4  -88.1 15.5  -91.6 11.3
SDSS J130439.72+034137.8 0.040188 0.000016 -102.9 23.0  -82.1 21.2  -91.7 15.6
SDSS J130807.66+500446.9 0.054984 0.000015   90.4 24.1   95.2 20.0   93.2 15.4
SDSS J131057.25+083738.5 0.052190 0.000021  147.1 16.5  159.7 15.1  153.9 11.1
SDSS J131114.61+204853.8 0.138549 0.000018  -71.7 16.1  -66.7 15.9  -69.1 11.3
SDSS J131228.22-013953.6 0.081716 0.000015  -77.3 19.8  -65.0 17.9  -70.6 13.3
SDSS J131751.00+375753.2 0.095373 0.000024   88.1 18.9   77.3 20.5   83.1 13.9
SDSS J131845.76+431407.2 0.052317 0.000019   89.5 16.9   89.7 15.8   89.6 11.6
SDSS J132119.60+612832.6 0.132804 0.000024  108.3 22.9  124.4 22.2  116.6 16.0
SDSS J132435.28+130948.5 0.158455 0.000035 -107.1 21.1  -77.7 20.6  -92.0 14.7
SDSS J132700.72+411130.2 0.168957 0.000010  391.3 52.1  414.7 33.2  408.0 28.0
SDSS J133044.46+174535.5 0.179658 0.000048 -268.1 25.9 -255.7 24.0 -261.5 17.6
SDSS J133335.76+030153.8 0.126733 0.000017   78.1 20.3   79.1 20.2   78.6 14.3
SDSS J133738.22+153410.3 0.114519 0.000021   91.5 20.5   75.2 20.6   83.4 14.5
SDSS J133748.12+615248.5 0.088765 0.000025  -88.1 19.6  -90.8 19.0  -89.5 13.6
SDSS J134025.26+101621.1 0.167800 0.000016  104.9 17.1  124.0 16.8  114.6 12.0
SDSS J134117.80+032451.0 0.078149 0.000014   57.9 17.8   50.1 15.8   53.6 11.8
SDSS J134133.37-002432.1 0.071899 0.000018   61.5 15.4   62.1 15.2   61.8 10.8
SDSS J134321.77+595723.5 0.137825 0.000022  -73.7 17.2  -72.0 17.3  -72.9 12.2
SDSS J134352.06-011905.3 0.127503 0.000018   74.1 18.7   94.2 18.4   84.3 13.1
SDSS J134417.87+021821.0 0.143427 0.000024  -77.3 21.3  -72.1 20.7  -74.6 14.8
SDSS J134602.85+001649.8 0.179826 0.000070   62.3 18.7   60.5 18.6   61.4 13.2
SDSS J134620.25+203105.1 0.085463 0.000020   65.7 15.6   69.9 15.5   67.8 11.0
SDSS J134620.47+130501.6 0.081071 0.000015  -89.9 17.2  -79.6 15.8  -84.3 11.6
SDSS J134640.79+522836.5 0.029178 0.000010  -50.1 14.6  -52.9 14.5  -51.5 10.3
SDSS J134757.12+231658.8 0.141720 0.000026   76.5 18.3   77.5 16.9   77.0 12.4
SDSS J135233.46+151322.2 0.093687 0.000019  -53.0 17.4  -54.0 16.9  -53.5 12.1
SDSS J135406.91-030523.9 0.129193 0.000017  -75.7 15.7  -66.9 15.5  -71.3 11.0
SDSS J135429.05+132757.2 0.063316 0.000070   64.1 21.1   74.0 21.1   69.1 15.0
SDSS J135539.94+402742.3 0.008470 0.000050  -75.2 16.9  -74.8 14.9  -75.0 11.2
SDSS J135620.06+211052.4 0.062784 0.000014  -83.0 23.8  -65.3 20.7  -72.9 15.6
SDSS J135639.40+450627.6 0.127686 0.000022 -104.0 18.6  -96.2 16.6  -99.6 12.4
SDSS J135803.14+323502.6 0.047685 0.000010   59.0 19.2   70.6 18.4   65.1 13.3
SDSS J135848.76+283529.0 0.062957 0.000013 -102.9 21.5 -110.0 17.7 -107.1 13.7
SDSS J135905.71+310609.1 0.130062 0.000017   60.7 19.6   71.4 19.5   66.1 13.8
SDSS J140113.90+235801.4 0.079224 0.000020  -78.0 15.4  -87.0 15.2  -82.6 10.8
SDSS J140209.37+283338.2 0.061926 0.000017  -62.4 16.0  -63.2 16.1  -62.8 11.4
SDSS J140315.95+593453.8 0.072903 0.000020  -80.2 14.8  -85.7 14.7  -82.9 10.4
SDSS J140414.37+403333.5 0.103486 0.000017  -61.5 17.9  -65.7 16.6  -63.8 12.2
SDSS J140526.98+044026.3 0.158223 0.000025   61.1 20.1   76.1 19.2   68.9 13.9
SDSS J140536.22+061837.3 0.084860 0.000015   54.1 16.2   57.1 16.4   55.6 11.5
SDSS J140723.12+085854.7 0.134247 0.000013   61.3 17.1   75.7 16.4   68.8 11.8
SDSS J140801.56+165015.0 0.125381 0.000018  -52.8 16.1  -51.8 15.6  -52.3 11.2
SDSS J141140.10+192047.3 0.082754 0.000012  -66.0 18.6  -58.3 17.6  -61.9 12.8
SDSS J141235.35+334651.4 0.128990 0.000025   71.3 18.5   64.3 18.0   67.7 12.9
SDSS J141530.05+304249.0 0.192127 0.000026  -70.8 21.8  -84.9 22.6  -77.6 15.7
SDSS J141641.77-013932.5 0.125977 0.000015  -50.4 16.7  -50.5 15.7  -50.5 11.4
SDSS J142059.78+175652.8 0.135479 0.000018   59.9 17.5   58.6 17.6   59.3 12.4
SDSS J142148.98+253616.3 0.146485 0.000019   53.0 17.0   61.3 16.6   57.2 11.9
SDSS J142317.05+000901.2 0.141365 0.000020   70.0 21.9   99.0 27.6   81.2 17.2
SDSS J142742.68+050318.4 0.158978 0.000034  -79.6 20.8  -78.7 19.5  -79.1 14.2
SDSS J143107.40+241245.0 0.136397 0.000022   72.1 16.7   61.6 15.5   66.5 11.4
SDSS J143339.50+234152.5 0.095068 0.000019   69.2 16.9   51.1 15.9   59.6 11.6
SDSS J143624.57+025221.5 0.192200 0.000030  -91.9 19.1 -110.1 19.6 -100.8 13.7
SDSS J143629.00+065813.1 0.112792 0.000070  -97.9 16.3  -96.8 16.3  -97.4 11.5
SDSS J143642.64+395636.9 0.020037 0.000090  -53.8 15.8  -49.5 15.2  -51.6 11.0
SDSS J144032.50+213803.1 0.084798 0.000025  -59.6 16.5  -55.8 16.4  -57.7 11.6
SDSS J144147.36+175534.4 0.185574 0.000090   57.4 17.2   67.7 17.2   62.6 12.2
SDSS J144231.20+260439.3 0.072098 0.000010  -56.9 16.0  -66.2 16.0  -61.5 11.3
SDSS J144324.07+353320.9 0.098142 0.000027   62.9 16.7   65.8 16.2   64.4 11.6
SDSS J144412.18+075658.7 0.027693 0.000010  -72.3 16.3  -61.7 15.4  -66.7 11.2
SDSS J145114.27+512231.3 0.095746 0.000012   52.7 16.5   61.2 15.8   57.1 11.4
SDSS J145125.15+071332.8 0.035822 0.000011  -50.0 15.5  -51.6 15.4  -50.8 10.9
SDSS J145535.41+305139.8 0.064157 0.000013  -48.6 15.4  -69.3 15.5  -58.9 10.9
SDSS J145753.81+283218.7 0.144040 0.000070   79.3 19.1   90.5 19.0   84.9 13.5
SDSS J150121.30+130234.0 0.123774 0.000027   59.2 18.1   51.5 16.5   55.0 12.2
SDSS J150311.27+432027.2 0.167674 0.000013   75.4 16.9   86.4 16.3   81.1 11.7
SDSS J150430.86+303133.6 0.145334 0.000022 -120.8 20.9 -132.3 18.9 -127.1 14.0
SDSS J150507.92+140234.2 0.142460 0.000020  -90.9 23.2 -102.5 23.4  -96.7 16.5
SDSS J150600.99+243604.2 0.116883 0.000014  -55.1 17.3  -77.1 17.0  -66.2 12.1
SDSS J151225.81+024645.0 0.092297 0.000017  -57.0 16.6  -69.6 16.9  -63.2 11.9
SDSS J151439.79+263539.1 0.032175 0.000015   54.3 15.5   54.6 14.8   54.5 10.7
SDSS J151451.46+283709.9 0.113224 0.000017   87.4 19.3  101.2 19.7   94.1 13.8
SDSS J151505.55+430902.0 0.017887 0.000090  103.0 14.9   95.4 14.8   99.1 10.5
SDSS J151511.11+035054.6 0.078337 0.000016  -59.1 19.3  -57.5 16.6  -58.2 12.6
SDSS J151858.17+204855.3 0.041834 0.000019   54.0 14.7   63.0 14.7   58.5 10.4
SDSS J151925.11+064747.1 0.104393 0.000016   86.4 17.1   95.3 16.2   91.1 11.8
SDSS J151933.75+340635.1 0.199660 0.000019 -144.9 18.5 -163.9 17.7 -154.8 12.8
SDSS J151941.98+142517.4 0.142905 0.000024   60.6 18.1   68.7 17.7   64.8 12.6
SDSS J151947.89+274621.6 0.084128 0.000020  -55.5 18.1  -65.1 17.5  -60.5 12.6
SDSS J152021.81-000226.5 0.057095 0.000012   50.8 15.7   58.7 15.7   54.7 11.1
SDSS J152404.20+082305.2 0.076355 0.000015   74.5 16.7   72.0 16.3   73.2 11.7
SDSS J152406.88+284218.5 0.097686 0.000019   64.8 18.2   58.6 18.3   61.7 12.9
SDSS J152505.33+321151.3 0.112743 0.000024  -71.3 17.4  -67.2 17.8  -69.3 12.4
SDSS J152541.50+325426.8 0.069184 0.000012  -61.0 17.1  -77.4 15.9  -69.8 11.7
SDSS J152549.54+052248.7 0.054033 0.000011 -106.8 15.4  -97.1 15.4 -101.9 10.9
SDSS J152837.93+422631.2 0.075096 0.000011  -88.9 18.9  -69.8 16.9  -78.3 12.6
SDSS J153036.27-003050.4 0.129804 0.000018  -54.4 17.4  -58.8 16.7  -56.7 12.0
SDSS J153256.50+012214.9 0.080700 0.000020  -51.3 15.6  -70.6 15.4  -61.1 10.9
SDSS J153359.26+460233.4 0.104764 0.000024 -126.5 22.6 -124.8 21.4 -125.6 15.5
SDSS J153505.72+080038.0 0.118616 0.000019   89.1 15.6   99.1 15.2   94.2 10.9
SDSS J153513.49+070504.4 0.042520 0.000012   66.9 15.4   74.9 14.5   71.2 10.5
SDSS J153540.73+371932.1 0.156454 0.000029  104.7 21.0  100.6 20.0  102.6 14.5
SDSS J153715.51+170828.5 0.125053 0.000015   57.0 16.0   68.3 15.7   62.8 11.2
SDSS J154126.25+103900.3 0.086468 0.000011   67.0 21.9   96.6 21.4   82.2 15.3
SDSS J154126.50+044355.2 0.109399 0.000023   86.1 18.9   84.1 16.7   85.0 12.5
SDSS J154431.22+205903.6 0.101542 0.000010   54.3 16.2   70.9 16.1   62.7 11.4
SDSS J154447.09+462817.7 0.120936 0.000030  -77.7 17.5  -91.2 17.4  -84.5 12.3
SDSS J154652.87+392512.8 0.132833 0.000024  -83.5 18.9  -70.6 18.9  -77.1 13.3
SDSS J154857.43+225923.8 0.136016 0.000037 -196.6 23.9 -197.4 23.2 -197.0 16.6
SDSS J154959.53+001207.0 0.032340 0.000080  -78.9 16.8  -73.6 15.1  -76.0 11.2
SDSS J155144.73+040444.5 0.068333 0.000080   54.0 15.4   61.3 15.3   57.6 10.8
SDSS J155157.89+203056.9 0.088236 0.000011 -342.5 20.4 -353.9 18.8 -348.7 13.8
SDSS J155206.67+224739.5 0.116053 0.000071  110.2 18.2  108.0 17.3  109.1 12.6
SDSS J155544.42+265942.9 0.083472 0.000018  -56.1 16.8  -54.7 17.2  -55.4 12.0
SDSS J155725.56+352638.9 0.163357 0.000013   53.5 17.0   62.5 15.7   58.3 11.6
SDSS J160158.86+123426.4 0.034546 0.000012 -114.3 17.7 -111.9 17.8 -113.1 12.6
SDSS J160202.60+243612.9 0.072736 0.000013  -52.8 15.8  -55.8 15.5  -54.3 11.1
SDSS J160444.13+050239.8 0.111289 0.000013   57.9 16.1   54.3 16.1   56.1 11.4
SDSS J160511.82+211423.4 0.048033 0.000014  118.2 15.6  116.5 15.0  117.3 10.8
SDSS J160616.12+181015.3 0.039479 0.000012  -55.4 18.3  -52.8 17.1  -54.1 12.5
SDSS J160651.56+144508.8 0.177669 0.000021   63.0 18.5   73.1 17.3   68.4 12.6
SDSS J161325.55+460033.7 0.153506 0.000037   66.1 15.8   78.5 15.4   72.4 11.0
SDSS J161419.63+502756.1 0.060258 0.000018 -105.0 17.0  -94.8 16.3  -99.7 11.7
SDSS J161432.75+525211.9 0.145933 0.000023  -69.1 19.6  -91.8 17.9  -81.4 13.2
SDSS J161449.45+172914.1 0.193106 0.000021  -72.6 21.0  -86.2 19.6  -79.8 14.3
SDSS J161501.07+355454.9 0.141995 0.000026   73.4 21.0   93.1 20.6   83.5 14.7
SDSS J161926.63+375935.4 0.137721 0.000036  124.8 24.3  152.1 19.9  141.2 15.4
SDSS J162144.03+185626.4 0.087493 0.000015   62.0 15.2   80.7 15.1   71.4 10.7
SDSS J162205.51+101643.0 0.128542 0.000025  -95.7 27.7 -128.0 27.4 -112.0 19.5
SDSS J162615.08+142346.3 0.166399 0.000028  -91.9 16.7 -100.4 15.8  -96.4 11.5
SDSS J163027.97+255005.3 0.104573 0.000024   66.1 21.1   67.5 20.5   66.8 14.7
SDSS J163143.81+304804.2 0.098147 0.000025  214.3 19.9  234.2 16.7  226.0 12.8
SDSS J164429.32+201550.0 0.081775 0.000015  -80.7 15.7  -82.4 15.8  -81.5 11.1
SDSS J165430.72+194615.5 0.053669 0.000010   62.0 15.0   69.8 14.6   66.0 10.5
SDSS J165549.09+243814.9 0.046726 0.000016  -46.8 15.3  -58.7 14.8  -52.9 10.6
SDSS J165810.11+622456.3 0.119399 0.000036   55.7 17.0   53.0 16.1   54.3 11.7
SDSS J165831.63+270015.3 0.055616 0.000019  -57.0 15.7  -50.2 15.5  -53.5 11.0
SDSS J170807.39+204002.8 0.193124 0.000017   61.2 18.3   68.3 18.3   64.8 12.9
SDSS J171522.99+572440.2 0.027303 0.000080  -71.5 16.8  -75.6 15.3  -73.7 11.3
SDSS J204719.06+001914.8 0.014011 0.000070  -57.0 15.2  -61.5 14.7  -59.3 10.6
SDSS J211727.25+003647.7 0.116799 0.000069   60.1 19.2   74.2 18.2   67.5 13.2
SDSS J213702.37+002541.6 0.050925 0.000014  -60.5 17.7  -55.6 16.5  -57.9 12.1
SDSS J214759.27+114734.4 0.125223 0.000015  -55.0 16.0  -48.5 15.3  -51.6 11.1
SDSS J215128.36-064630.7 0.101433 0.000028   86.5 14.9  100.3 14.8   93.5 10.5
SDSS J215436.76+010830.4 0.144855 0.000020  -71.0 18.1  -57.1 18.0  -64.0 12.8
SDSS J222049.45-092915.9 0.084067 0.000018  -73.3 19.9  -70.6 20.0  -71.9 14.1
SDSS J223000.16+001447.1 0.128905 0.000010  125.5 17.5  135.3 17.3  130.4 12.3
SDSS J225200.49+002149.4 0.053831 0.000060   53.3 15.5   70.4 15.4   61.9 10.9
SDSS J225529.26+143929.7 0.087734 0.000014   67.6 16.4   69.0 15.7   68.4 11.3
SDSS J231916.06+152522.6 0.092701 0.000017   69.9 16.6   77.8 16.1   74.0 11.6
SDSS J232328.01+140530.2 0.041421 0.000070  -47.9 14.8  -58.0 14.7  -53.0 10.4
SDSS J232637.22-011435.0 0.197452 0.000036 -101.7 21.7 -126.5 21.1 -114.4 15.1
SDSS J232709.32+134506.5 0.118066 0.000021  -71.1 17.8  -63.8 17.2  -67.3 12.3
SDSS J232725.23-105430.6 0.051741 0.000011   46.6 15.3   55.2 14.8   51.0 10.6
SDSS J232749.71+150709.1 0.041896 0.000011  -73.4 17.2  -60.8 16.1  -66.7 11.8
SDSS J234152.63-083853.3 0.034304 0.000017  101.4 15.0  114.2 14.7  107.9 10.5
SDSS J234209.03-102245.2 0.087884 0.000015  -48.0 15.6  -51.0 15.9  -49.5 11.2
SDSS J235329.69-005509.8 0.099267 0.000016  -87.8 21.1  -95.0 21.0  -91.4 14.9
SDSS J235626.51-110509.2 0.043724 0.000013  -74.7 18.1  -67.2 16.9  -70.7 12.3
SDSS J235744.09-001029.7 0.075807 0.000026  123.8 16.0  114.7 15.8  119.2 11.2
