J0001-0033 (1),(2),(3),(4)          0.10   2.37                       0.18   6.82 0.09   2.23 0.10  10.2  J0001-0033 (1)
J0033-0149 (5),(6),(7)                                                0.18  10.1  0.09   3.72 0.09  11.5  J0033-0149 (2)
J0036+0048 (8),(9)                                                    0.18  65.8  0.09  25.1              J0036+0048 (3)
J0045+0021 (10),(11),(12),(13)      0.30 178.   0.50  60.8            0.18 249.   0.18 109.               J0045+0021 (4)
J0049+0059 (14),(15),(16),(17)      0.09   2.51                       0.18   9.60 0.09   2.64 0.10  12.9  J0049+0059 (5)
J0113+0106 (18),(19),(20),(21)      0.70  18.                         0.18  12.5  0.09   4.32 0.14  16.4  J0113+0106 (6)
J0115-0000 (22),(23),(24)                                             0.25  15.2  0.09   4.99 0.14  15.6  J0115-0000 (7)
J0143-0119 (25),(26),(27),(28),(29) 0.20  44.4  0.09  34.0            0.28  80.5  0.09  47.0  0.16 110.   J0143-0119 (8)
J0144-0830 (30),(31),(32),(33)      0.09   1.40                       0.20   7.25 0.09   1.69 0.16   5.88 J0144-0830 (9)
J0145-0159 (34),(35),(36),(37)      0.20   2.56                       0.25   9.45 0.09   3.02 0.20  18.7  J0145-0159 (10)
J0147-0851 (38),(39),(40)                                             0.18  33.2  0.09  14.4  0.16  30.2  J0147-0851 (11)
J0211-0920 (41),(42),(43),(44)      0.10   2.81                       0.18  10.6  0.09   2.65 0.13  14.4  J0211-0920 (12)
J0225-0738 (45),(46),(47)                                             0.20  51.4  0.09  18.3  0.18  49.1  J0225-0738 (13)
J0702+5002 (48),(49),(50),(51)      0.22   5.74                       0.18  28.4  0.07   4.88 0.09  21.7  J0702+5002 (14)
J0725+5835 (52),(53),(54),(55)      0.22   4.11                       0.18  10.0  0.07   2.77 0.09   8.19 J0725+5835 (15)
J0805+4854 (56),(57),(58)                                             0.18  11.5  0.10   4.38 0.06   5.86 J0805+4854 (16)
J0813+4347 (59),(60),(61),(62)      0.14   9.91                       0.18  22.1  0.07   9.93 0.09  17.1  J0813+4347 (17)
J0821+2922 (63),(64),(65),(66)      0.16   1.93                       0.17   9.40 0.06   1.98 0.09  13.8  J0821+2922 (18)
J0836+3125 (67),(68),(69),(70)      0.16  41.1                        0.28  60.0  0.09  30.5  0.09  53.5  J0836+3125 (19)
J0838+3253 (71),(72),(73),(74)      0.13   5.52                       0.20   6.89 0.09   6.54 0.09  10.6  J0838+3253 (20)
J0845+4031 (75),(76),(77),(78)      0.20  15.5                        0.20  31.7  0.09  11.1  0.09  32.3  J0845+4031 (21)
J0846+3956 (79),(80),(81),(82)      0.18  16.1                        0.20  33.0  0.06  11.1  0.09  33.1  J0846+3956 (22)
J0859-0433 (83),(84),(85)           0.20  23.4                        0.20  26.8  0.07  16.0              J0859-0433 (23)
J0914+1715 (86),(87),(88),(89)      0.31 157.                         0.35 586.   0.13 160.   0.18 335.   J0914+1715 (24)
J0917+0523 (90),(91),(92)           0.28  96.6                        0.35 165.   0.14  74.2              J0917+0523 (25)
J0924+4233 (93),(94),(95),(96)      0.28   6.24                       0.17  43.8  0.09   4.74 0.10  29.2  J0924+4233 (26)
J0941-0143 (97),(98),(99)           0.60  76.9                        0.35 188.   0.14  68.2              J0941-0143 (27)
J0941+2147 (100),(101),(102),(103)  0.28  54.                         0.25  79.6  0.09  39.5  0.13  56.5  J0941+2147 (28)
J0943+2834 (104),(105),(106),(107)  0.20  62.5                        0.50 142.   0.13  53.7  0.13  91.3  J0943+2834 (29)
J1005+1154 (108),(109),(110)        0.20   2.72                       0.28  16.8  0.07   3.57             J1005+1154 (30)
J1008+0030 (111),(112),(113)        0.20  66.1                        0.35  75.2  0.08  75.2              J1008+0030 (31)
J1015+5944 (114),(115),(116)        0.20  98.1                                    0.09  49.3  0.10  86.7  J1015+5944 (32)
J1040+5056 (117),(118)                                                            0.06   2.20 0.07   7.63 J1040+5056 (33)
J1043+3131 (119),(120),(121),(122)  0.40  44.6  0.08  36.2                        0.09  37.8  0.10  68.0  J1043+3131 (34)
J1049+4422 (123),(124)                                                            0.09   4.50 0.10  21.4  J1049+4422 (35)
J1054+5521 (125),(126),(127)        0.18  14.1                                    0.09   9.40 0.10  21.5  J1054+5521 (36)
J1055-0707 (128),(129)                                                            0.09  16.6  0.10  42.9  J1055-0707 (37)
J1102+0250 (130),(131)                                                            0.13  83.0  0.10  96.4  J1102+0250 (38)
J1111+4050 (132)                                0.13  11.3                                                J1111+4050 (39)
J1114+2632 (133),(134)                                                            0.09  26.8  0.07  62.0  J1114+2632 (40)
J1120+4354 (135),(136)                                                            0.09  38.2  0.10  71.0  J1120+4354 (41)
J1128+1919 (137),(138)                                                0.25  19.8  0.09  15.1              J1128+1919 (42)
J1135-0737 (139),(140),(141)        0.20   2.00                                   0.09   3.86 0.07   7.39 J1135-0737 (43)
J1140+1057 (142),(143)                                                0.25  32.3  0.09  14.0              J1140+1057 (44)
J1200+6105 (144)                                                                  0.05   7.61             J1200+6105 (45)
J1201-0703 (145),(146)                                                            0.10   8.29 0.10  19.8  J1201-0703 (46)
J1202+4915 (147),(148)              0.15   7.97                                   0.05   7.34             J1202+4915 (47)
J1206+3812 (149),(150),(151)        0.20  47.0  0.15  23.1                        0.07  24.7              J1206+3812 (48)
J1207+3352 (152)                                                                  0.07  51.6              J1207+3352 (49)
J1210-0341 (153),(154),(155)        0.10   2.95                                   0.09   5.28 0.07  16.5  J1210-0341 (50)
J1210+1121 (156),(157)                                                0.20  17.3  0.09   4.57             J1210+1121 (51)
J1211+4539 (158)                    0.20  43.6                                                            J1211+4539 (52)
J1218+1955 (159)                                                                  0.14  88.4              J1218+1955 (53)
J1227-0742 (160),(161),(162)        0.18   0.86                                   0.13   3.12 0.09   7.47 J1227-0742 (54)
J1227+2155 (163),(164)              0.18   3.74                                   0.10   2.91             J1227+2155 (55)
J1228+2642 (165),(166)              0.08   4.35                                   0.10   5.66             J1228+2642 (56)
J1232-0717 (167),(168)                                                            0.10  19.0  0.10  53.4  J1232-0717 (57)
J1247+4646 (167)                                                                  0.07   3.23             J1247+4646 (58)
J1253+3435 (170),(171)              0.09  17.0                                    0.14  13.8              J1253+3435 (59)
J1258+3227 (172)                                                                  0.14 120.               J1258+3227 (60)
J1309-0012 (173),(174)                          0.30 113.                         0.20  60.1              J1309-0012 (61)
J1310+5458 (175),(176)              0.20  11.3                                    0.07   7.72             J1310+5458 (62),(63)
J1316+2427 (177)                                                                  0.10  10.5              J1316+2427 (64)
J1327-0203 (178),(179)              0.20  20.9                                    0.20  23.6              J1327-0203 (65)
J1330-0206 (180)                                                                  0.10   3.34             J1330-0206 (66)
J1339-0016 (181)                                                                  0.14   6.48             J1339-0016 (67)
J1342+2547 (182),(183)              0.30  76.4                                    0.09  29.9              J1342+2547 (68)
J1345+5233 (184),(185),(186)        0.09   0.92            0.07  2.47                         0.18   8.74 J1345+5233 (69)
J1348+4411 (187),(188),(189)        0.07   5.96            0.06  4.59                         0.07  24.0  J1348+4411 (70)
J1351+5559 (190),(191)                                     0.04  4.61                         0.07  17.4  J1351+5559 (71)
J1406-0154 (192),(193)              0.30  57.6                                    0.09  24.2              J1406-0154 (73)
J1406+0657 (194)                    0.20  71.4                                                            J1406+0657 (72)
J1408+0225 (195)                    0.10  13.9                                                            J1408+0225 (74)
J1424+2637 (196)                                                                  0.09   9.05             J1424+2637 (75)
J1430+5217 (197),(198),(199)        0.20  40.2             0.08 12.4                          0.14  80.8  J1430+5217 (76)
J1434+5906 (200),(201),(202)        0.15  47.3             0.06 23.4                          0.14  41.2  J1434+5906 (77)
J1444+4147 (203),(204)                                     0.10  2.15                         0.14  17.9  J1455+3237 (78)
J1455+3237 (205)                                                                  0.06   1.16             J1455+3237 (79)
J1456+2542 (206)                    0.11   1.18                                                           J1456+2542 (80)
J1459+2903 (207),(208)              0.20   8.67 0.10  10.1                                                J1459+2903 (81)
J1501+0752 (209)                                                                  0.07  14.0              J1501+0752 (82)
J1515-0532 (210)                                                                  0.15  70.3              J1515-0532 (83)
J1522+4527 (211)                                                                              0.07  17.3  J1522+4527 (84)
J1537+2648 (212),(213)                                                            0.15   3.57 0.10  16.8  J1537+2648 (85)
J1600+2058 (214),(215),(216)        0.20   6.89                                   0.10   8.72 0.10  21.3  J1600+2058 (86)
J1603+5242 (217)                                                                              0.20  42.7  J1603+5242 (87)
J1606+0000 (218),(219)              0.20  82.8                                    0.25  80.5              J1606+0000 (88)
J1606+4517 (220),(221)              0.20   3.22                                               0.10  11.1  J1606+4517 (89)
J1614+2817 (222),(223)              0.20   8.07                                   0.14   8.55             J1614+2817 (90)
J1625+2705 (224),(225)              0.70   2.80                                   0.20  41.8              J1625+2705 (91)
J1653+3115 (226)                                                                              0.40  74.1  J1653+3115 (92)
J1655+4551 (227),(228)                                                            0.10   5.30 0.14  16.7  J1655+4551 (93)
J1656+3952 (229),(230)              0.20   8.06                                               0.07  20.8  J1656+3952 (94)
J2226+0125 (231),(232),(233)                                          0.28  10.9  0.09   4.12 0.20   8.79 J2226+0125 (95)
J2359-1041 (234),(235),(236)                                          0.25  12.3  0.13  11.2  0.14  18.8  J2359-1041 (96)
