J0001-0033 00 01 40.2 -00 33 50.6 0.247
J0033-0149 00 33 02.4 -01 49 56.6 0.1301
J0036+0048 00 36 36.2 +00 48 53.4 0.591
J0045+0021 00 45 42.1 +00 21 05.5 0.433  S
J0049+0059 00 49 39.4 +00 59 53.8 0.3044
J0113+0106 01 13 41.1 +01 06 08.5 0.281
J0115-0000 01 15 27.4 -00 00 01.5 0.381
J0143-0119 01 43 16.8 -01 19 00.8 0.520
J0144-0830 01 44 10.0 -08 30 02.8 0.181
J0145-0159 01 45 20.0 -01 59 47.9 0.1264
J0147-0851 01 47 19.3 -08 51 19.6 0.455
J0211-0920 02 11 47.0 -09 20 36.6 0.236  S
J0225-0738 02 25 08.6 -07 38 49.1 0.659
J0702+5002 07 02 47.9 +50 02 05.3 0.0946
J0725+5835 07 25 32.3 +58 35 27.4        NA
J0805+4854 08 05 44.  +48 54 58.         NA
J0813+4347 08 13 00.1 +43 47 48.5 0.128
J0821+2922 08 21 49.6 +29 22 44.4 0.313  S
J0836+3125 08 36 35.5 +31 25 51.2 0.376
J0838+3253 08 38 44.6 +32 53 11.8 0.213
J0845+4031 08 45 08.4 +40 31 15.4 0.429
J0846+3956 08 46 03.6 +39 56 57.9 0.257  S
J0859-0433 08 59 50.2 -04 33 06.9 0.356
J0914+1715 09 14 05.2 +17 15 54.3 0.52
J0917+0523 09 17 44.3 +05 23 10.1 0.592
J0924+4233 09 24 47.0 +42 33 47.1 0.227
J0941-0143 09 41 22.6 -01 43 01.1 0.383
J0941+2147 09 41 58.3 +21 47 44.2 0.572  S
J0943+2834 09 43 02.2 +28 34 45.8 0.574
J1005+1154 10 05 52.5 +11 54 37.  0.166
J1008+0030 10 08 11.4 +00 30 00.  0.0977
J1015+5944 10 15 41.1 +59 44 45.2 0.527
J1040+5056 10 40 22.5 +50 56 25.1 0.154
J1043+3131 10 43 18.6 +31 31 06.1 0.036
J1049+4422 10 49 35.3 +44 22 04.  0.477  S
J1054+5521 10 54 00.6 +55 21 53.         NA
J1055-0707 10 55 52.6 -07 07 19.1        NA
J1102+0250 11 02 06.6 +02 50 45.7        NA
J1111+4050 11 11 39.7 +40 50 24.1 0.0737
J1114+2632 11 14 27.1 +26 32 58.8 0.66   S
J1120+4354 11 20 16.2 +43 54 51.4 0.612
J1128+1919 11 28 37.7 +19 19 57.  0.21
J1135-0737 11 35 36.8 -07 37 00.1 0.602
J1140+1057 11 40 49.7 +10 57 56.3 0.081
J1200+6105 12 00 06.  +61 05 44.5 0.294  S
J1201-0703 12 01 25.8 -07 03 11.         NA
J1202+4915 12 02 35.1 +49 15 31.7 0.688  S
J1206+3812 12 06 17.4 +38 12 34.9 0.838
J1207+3352 12 07 32.9 +33 52 40.1 0.079
J1210-0341 12 10 18.8 -03 41 53.3 0.1963
J1210+1121 12 10 12.0 +11 21 02.7 0.178
J1211+4539 12 11 02.5 +45 39 14.4 0.698  S
J1218+1955 12 18 59.2 +19 55 28.  0.424
J1227-0742 12 27 12.5 -07 42 00.  0.459
J1227+2155 12 27 49.4 +21 55 19.6        NA
J1228+2642 12 28 03.8 +26 42 26.7 0.201
J1232-0717 12 32 52.5 -07 17 28.9        NA
J1247+4646 12 47 26.8 +46 46 06.  0.838  S
J1253+3435 12 53 24.3 +34 35 18.2 0.358
J1258+3227 12 58 32.9 +32 27 40.8        NA
J1309-0012 13 09 49.7 -00 12 35.6 0.419
J1310+5458 13 10 15.4 +54 58 34.2 0.355
J1316+2427 13 16 38.3 +24 27 32.4 0.447
J1327-0203 13 27 38.2 -02 03  9.9 0.183
J1330-0206 13 30 10.3 -02 06 18.  0.0866
J1339-0016 13 39 34.2 -00 16 35.5 0.1452
J1342+2547 13 42 45.3 +25 47 11.5 0.585
J1345+5233 13 45 41.6 +52 33 35.6 0.4    S
J1348+4411 13 48 04.6 +44 11 24.2 0.266
J1351+5559 13 51 42.1 +55 59 43.1 0.069
J1353+0724 13 53 06.4 +07 24 37.1 0.316  S
J1406-0154 14 06 48.6 -01 54 16.5 0.64
J1406+0657 14 06 02.4 +06 57 15.7 0.549
J1408+0225 14 08 28.4 +02 25 50.3 0.179
J1411+0907 14 11 21.1 +09 07 35.4 0.194  S
J1424+2637 14 24 40.5 +26 37 30.5 0.037
J1430+5217 14 30 17.3 +52 17 35.  0.368
J1433+0037 14 33 51.9 +00 37 23.4 0.504
J1434+5906 14 34 02.2 +59 06 53.3 0.538
J1437+0834 14 37 38.9 +08 34 22.1 0.316  S
J1444+4147 14 44 07.2 +41 47 50.3 0.188
J1454+2732 14 54 42.2 +27 32 11.8 0.692  S
J1455+3237 14 55 58.3 +32 37 32.5 0.084
J1456+2542 14 56 43.2 +25 42 17.5 0.536
J1459+2903 14 59 41.9 +29 03 31.8 0.146
J1501+0752 15 01 57.4 +07 52 26.7 0.659
J1515-0532 15 15 33.7 -05 32 51.         NA
J1522+4527 15 22 13.1 +45 27 57.  0.45   S
J1537+2648 15 37 07.3 +26 48 23.2 0.287
J1600+2058 16 00 39.0 +20 58 51.7 0.174
J1603+5242 16 03 45.0 +52 42 20.6 0.292
J1606+0000 16 06 12.7 +00 00 27.1 0.059
J1606+4517 16 06 38.9 +45 17 37.1 0.556
J1614+2817 16 14 28.4 +28 17 31.  0.107
J1625+2705 16 25 30.7 +27  5 46.3 0.525
J1653+3115 16 53 37.3 +31 15 27.5 0.652
J1655+4551 16 55 16.2 +45 51 08.  0.478  S
J1656+3952 16 56 36.6 +39 52 58.3 0.3
J2226+0125 22 26 45.6 +01 25 11.  0.216  S
J2359-1041 23 59 46.5 -10 41 15.4 0.216  S
