SDSSJ0048-1051A SDSSJ0048-1051B 1.555 1.560   3.6   560  22.1    5.8 00 48 00.77 -10 51 48.6 20.90 20.52 20.21 19.98 19.94 00 48 00.96 -10 51 46.2 20.31 20.05 19.73 19.34 19.31 {chi}^2^
SDSSJ0054-0946A SDSSJ0054-0946B 2.127 2.110  14.1 -1600  84.5   17.7 00 54 08.47 -09 46 38.3 18.20 17.90 17.73 17.52 17.29 00 54 08.04 -09 46 25.7 20.89 20.70 20.38 20.12 19.72 {chi}^2^
SDSSJ0117+3153A SDSSJ0117+3153B 2.626 2.640  11.3  1170  65.3    2.7 01 17 08.39 +31 53 38.7 21.20 20.42 20.32 20.39 20.10 01 17 07.52 +31 53 41.2 20.41 19.77 19.66 19.66 19.43
SDSSJ0201+0032A SDSSJ0201+0032B 2.299 2.293  19.0  -520 112.4   33.3 02 01 43.49 +00 32 22.7 20.01 19.42 19.48 19.42 19.21 02 01 42.25 +00 32 18.5 20.83 20.33 20.15 20.13 19.94 {chi}^2^
SDSSJ0248+0009A SDSSJ0248+0009B 1.641 1.640   6.9  -150  41.9    8.8 02 48 20.80 +00 09 56.7 19.46 19.26 19.22 18.98 19.02 02 48 21.26 +00 09 57.3 20.80 20.73 20.73 20.57 20.41 {chi}^2^
SDSSJ0332-0722A SDSSJ0332-0722B 2.102 2.112  18.1   960 108.4    5.0 03 32 38.38 -07 22 15.9 20.42 20.35 20.01 19.80 19.64 03 32 37.19 -07 22 19.6 20.81 20.63 20.23 19.98 19.70 photo
SDSSJ0846+2749A SDSSJ0846+2749B 2.119 2.114  18.8  -490 112.4   24.4 08 46 31.77 +27 49 21.9 19.76 19.69 19.86 19.62 19.36 08 46 30.38 +27 49 18.1 19.80 19.87 19.81 19.71 19.56 {chi}^2^
SDSSJ0939+5953A SDSSJ0939+5953B 2.527 2.530  32.6   290 189.4    9.3 09 39 48.78 +59 53 48.7 20.40 19.86 19.81 19.80 19.46 09 39 46.56 +59 53 20.7 19.31 18.68 18.58 18.57 18.43 {chi}^2^
SDSSJ0955+6045A SDSSJ0955+6045B 0.716 0.719  18.6   460  95.5   24.2 09 55 24.37 +60 45 51.0 20.84 20.37 20.29 20.25 20.34 09 55 25.37 +60 45 33.8 20.68 20.65 20.62 20.72 20.30 {chi}^2^
SDSSJ0959+5449A SDSSJ0959+5449B 1.954 1.956   3.9   200  23.8   18.9 09 59 07.46 +54 49 06.7 20.27 20.07 19.95 19.76 19.72 09 59 07.05 +54 49 08.4 20.49 20.61 20.43 20.28 19.82 photo
SDSSJ1010+0416A SDSSJ1010+0416B 1.510 1.510  17.2    40 104.3    6.5 10 10 04.98 +04 16 36.2 20.20 20.08 20.00 19.87 20.08 10 10 04.37 +04 16 21.6 20.31 20.19 20.03 19.87 19.94 {chi}^2^
SDSSJ1014+0920A SDSSJ1014+0921B 2.293 2.291  22.0  -180 129.8   11.7 10 14 11.43 +09 20 47.7 19.92 19.14 19.12 18.92 18.74 10 14 10.29 +09 21 01.7 20.78 20.27 20.24 20.13 19.80 {chi}^2^
SDSSJ1028+3929A SDSSJ1028+3929B 1.895 1.885   7.5 -1030  45.6    6.4 10 28 43.67 +39 29 36.9 19.93 19.89 19.93 19.57 19.49 10 28 44.30 +39 29 34.8 20.89 20.80 20.90 20.59 20.66 photo
2QZJ1056-0059A  SDSSJ1056-0059B 2.132 2.128   7.2  -350  43.1    6.7 10 56 44.89 -00 59 33.4 20.21 19.93 19.90 19.80 19.59 10 56 45.25 -00 59 38.1 20.81 20.80 20.60 20.59 20.33 {chi}^2^
SDSSJ1123+0037A SDSSJ1123+0037B 1.172 1.170  56.3  -330 332.1    6.0 11 23 10.96 +00 37 45.2 19.05 19.03 18.91 18.98 19.08 11 23 07.21 +00 37 45.7 20.30 20.29 20.11 20.12 20.21 {chi}^2^
SDSSJ1124+5710A SDSSJ1124+5710B 2.311 2.311   2.2     0  12.7    4.2 11 24 55.24 +57 10 57.0 19.34 18.66 18.83 18.65 18.44 11 24 55.44 +57 10 58.4 20.31 19.83 19.52 19.52 19.42
SDSSJ1225+5644A SDSSJ1225+5644B 2.379 2.390   6.0   970  35.4   20.8 12 25 45.73 +56 44 40.7 20.04 19.33 19.46 19.38 19.10 12 25 45.24 +56 44 45.1 21.08 20.56 20.52 20.37 19.83 photo
SDSSJ1254+6104A SDSSJ1254+6104B 2.051 2.041  17.6 -1010 105.6   11.5 12 54 21.98 +61 04 22.0 19.24 19.06 19.01 18.92 18.73 12 54 20.52 +61 04 36.0 19.67 19.56 19.47 19.28 19.14 {chi}^2^
SDSSJ1259+1241A SDSSJ1259+1241B 2.189 2.180   3.6  -840  21.2    6.0 12 59 55.62 +12 41 53.8 20.30 19.99 19.93 19.74 19.53 12 59 55.46 +12 41 51.0 20.19 19.89 19.87 19.78 19.56 photo
SDSSJ1303+5100A SDSSJ1303+5100B 1.684 1.686   3.8   220  23.0    4.0 13 03 26.17 +51 00 47.5 20.44 20.32 20.28 20.05 20.04 13 03 26.13 +51 00 51.3 20.84 20.60 20.66 20.38 20.60 photo
SDSSJ1310+6208A SDSSJ1310+6208B 2.058 2.039  46.9 -1850 281.7   11.4 13 10 37.89 +62 08 21.6 18.86 18.77 18.62 18.58 18.35 13 10 31.96 +62 08 43.5 20.63 20.50 20.34 20.15 20.12 {chi}^2^
SDSSJ1337+6012A SDSSJ1337+6012B 1.727 1.721   3.1  -610  18.9    0.6 13 37 13.13 +60 12 06.7 18.68 18.58 18.57 18.34 18.43 13 37 13.08 +60 12 09.8 20.15 20.02 20.04 19.67 19.80 {chi}^2^
SDSSJ1349+1227A SDSSJ1349+1227B 1.722 1.722   3.0    30  18.3   12.9 13 49 29.84 +12 27 07.0 17.88 17.75 17.70 17.45 17.45 13 49 30.00 +12 27 08.8 19.46 19.26 19.09 18.73 18.59 {chi}^2^
SDSSJ1400+1232A SDSSJ1400+1232B 2.053 2.068  14.6  1470  87.7    0.6 14 00 52.07 +12 32 35.2 20.37 20.28 20.26 20.13 19.87 14 00 52.56 +12 32 48.0 20.50 20.42 20.44 20.26 19.98 photo
SDSSJ1405+4447A SDSSJ1405+4447B 2.226 2.246   7.4  1870  44.2    3.2 14 05 01.94 +44 47 59.9 18.66 18.15 17.94 17.87 17.67 14 05 02.41 +44 47 54.4 20.59 20.13 19.97 19.90 19.61 {chi}^2^
SDSSJ1409+3919A SDSSJ1409+3919B 2.078 2.083   6.8   480  40.7    3.9 14 09 53.74 +39 20 00.0 20.27 20.22 20.12 20.06 19.78 14 09 53.88 +39 19 53.4 20.85 20.91 20.86 20.67 20.31 photo
SDSSJ1432-0106A SDSSJ1432-0106B 2.082 2.082   5.1   -40  30.8    4.3 14 32 29.24 -01 06 16.1 17.67 17.68 17.60 17.40 17.10 14 32 28.95 -01 06 13.6 21.20 20.95 20.94 20.74 20.37
SDSSJ1530+5304A SDSSJ1530+5304B 1.531 1.533   4.1   230  25.0    8.8 15 30 38.56 +53 04 04.2 20.86 20.54 20.42 20.13 20.06 15 30 38.82 +53 04 00.8 20.68 20.67 20.53 20.31 20.22 photo
SDSSJ1546+5134A SDSSJ1546+5134B 2.949 2.930  42.2 -1450 236.0   12.4 15 46 10.55 +51 34 29.5 22.33 20.57 20.31 20.20 20.29 15 46 14.24 +51 34 05.0 20.63 19.43 19.10 18.91 18.88 {chi}^2^
SDSSJ1629+3724A SDSSJ1629+3724B 0.923 0.906   4.4 -2620  24.5   16.0 16 29 02.59 +37 24 30.8 19.44 19.26 19.09 19.16 19.05 16 29 02.63 +37 24 35.2 19.48 19.40 19.27 19.37 19.31 {chi}^2^
SDSSJ1719+2549A SDSSJ1719+2549B 2.172 2.170  14.7  -220  87.5    6.4 17 19 46.66 +25 49 41.2 20.16 19.93 19.89 19.85 19.62 17 19 45.87 +25 49 51.3 20.07 19.74 19.65 19.65 19.46 {chi}^2^
SDSSJ1723+5904A SDSSJ1723+5904B 1.604 1.597   3.7  -830  22.7    3.0 17 23 17.42 +59 04 46.8 19.38 19.04 18.95 18.69 18.76 17 23 17.30 +59 04 43.2 21.22 20.43 20.46 20.18 20.20 {chi}^2^
SDSSJ2128-0617A SDSSJ2128-0617B 2.065 2.062   8.3  -290  49.7   15.5 21 28 57.38 -06 17 50.9 19.76 19.88 19.99 19.83 19.80 21 28 57.74 -06 17 57.2 19.95 19.96 20.24 19.96 19.74 photo
SDSSJ2214+1326A SDSSJ2214+1326B 2.002 1.995   5.8  -690  35.2   19.4 22 14 27.03 +13 26 57.0 20.24 20.15 20.15 19.92 19.52 22 14 26.79 +13 26 52.3 20.51 20.37 20.22 19.95 19.74 photo
SDSSJ2220+1247A SDSSJ2220+1247B 1.987 2.003  15.9  1600  95.5   43.0 22 20 30.26 +12 47 33.5 19.99 19.99 19.97 19.85 19.69 22 20 29.53 +12 47 45.1 20.81 20.81 20.69 20.30 20.12 photo
SDSSJ2348+0057A SDSSJ2348+0057B 2.157 2.157   7.1   -10  42.4    0.3 23 48 19.59 +00 57 21.5 19.08 18.78 18.71 18.68 18.50 23 48 19.19 +00 57 17.5 20.86 20.57 20.51 20.45 20.28
