SDSSJ0003-0103A SDSSJ0003-0101B 0.914 0.909 171.6  -760 956.3   14.4 00 03 50.76 -01 03 59.5 19.71 19.53 19.48 19.47 19.38 00 03 56.57 -01 01 31.7 20.05 19.87 19.69 19.71 19.46
SDSSJ0012+0052A SDSSJ0012+0053B 1.634 1.649  16.0  1590  97.3   59.8 00 12 01.88 +00 52 59.7 21.53 20.82 20.33 19.83 19.63 00 12 02.35 +00 53 14.1 21.03 20.82 20.51 20.22 20.10
SDSSJ0014+0112A SDSSJ0014+0113B 2.173 2.179 141.5   540 843.3   11.0 00 14 20.18 +01 12 12.7 20.17 19.93 19.98 19.77 19.41 00 14 27.94 +01 13 33.2 20.85 20.66 20.74 20.60 20.60
SDSSJ0014-0028A SDSSJ0014-0029B 1.924 1.920  95.4  -480 576.1   27.3 00 14 53.36 -00 28 27.6 19.25 19.37 19.23 18.70 18.68 00 14 57.58 -00 29 39.1 19.53 19.47 19.33 18.99 18.84
SDSSJ0025-1048A SDSSJ0025-1051B 2.405 2.386 166.9 -1640 978.1   12.0 00 25 46.94 -10 48 54.3 20.24 19.86 19.77 19.78 19.56 00 25 44.61 -10 51 37.6 20.88 20.24 20.16 20.04 20.18
SDSSJ0033-0018A SDSSJ0033-0018B 0.688 0.699 126.5  1940 637.0  126.4 00 33 33.62 -00 18 58.2 18.44 18.04 18.07 18.14 18.02 00 33 25.40 -00 18 29.7 20.13 19.68 19.62 19.44 19.23
SDSSJ0044+0018A SDSSJ0044+0019B 1.872 1.880  88.6   840 536.1   41.8 00 44 39.33 +00 18 22.9 18.34 18.36 18.18 17.94 17.89 00 44 34.09 +00 19 03.5 19.03 19.14 19.15 18.82 18.95
SDSSJ0049+0003A SDSSJ0049+0004B 1.330 1.336  92.8   790 557.3  103.5 00 49 50.92 +00 03 30.1 19.27 19.75 19.52 19.37 19.42 00 49 55.91 +00 04 24.8 19.03 20.00 19.80 19.83 20.06
SDSSJ0106+0024A SDSSJ0106+0023B 1.017 1.019 171.7   240 984.3    2.7 01 06 43.11 +00 24 35.1 20.02 19.88 19.62 19.75 19.70 01 06 54.05 +00 23 45.0 20.30 20.23 19.97 20.11 19.85
SDSSJ0117-0030A SDSSJ0117-0029B 1.826 1.824  73.1  -260 443.1   42.6 01 17 31.09 -00 30 02.3 20.64 20.53 20.34 19.94 19.93 01 17 27.57 -00 29 11.7 20.26 20.36 20.32 20.13 19.93
SDSSJ0117+0020A SDSSJ0117+0021B 0.613 0.611  44.5  -260 212.9   34.1 01 17 58.84 +00 20 21.5 17.96 17.67 17.82 17.79 17.99 01 17 58.00 +00 21 04.1 20.26 20.01 20.13 19.86 19.89
SDSSJ0129-0055A SDSSJ0129-0057B 1.475 1.480  78.3   540 474.7   37.3 01 29 42.65 -00 55 59.0 19.59 19.46 19.40 19.26 19.22 01 29 45.47 -00 57 04.9 20.25 20.16 19.85 19.83 19.60
SDSSJ0137-0034A SDSSJ0137-0036B 1.807 1.819 160.7  1320 974.1  197.5 01 37 32.24 -00 34 52.1 18.24 18.13 18.15 17.97 17.94 01 37 22.54 -00 36 00.1 19.21 19.25 18.96 18.58 18.45
SDSSJ0139+0009A SDSSJ0139+0010B 1.210 1.212 163.7   370 971.4   45.7 01 39 27.17 +00 09 31.4 18.56 18.83 18.52 18.51 18.69 01 39 17.83 +00 10 56.0 20.12 20.10 20.04 19.94 20.05
SDSSJ0141+0031A SDSSJ0141+0031B 1.892 1.903  42.9  1140 259.2    2.9 01 41 11.63 +00 31 45.9 20.23 20.19 20.11 19.87 19.96 01 41 10.41 +00 31 07.1 20.76 20.59 20.50 20.29 20.20
SDSSJ0150+0029A SDSSJ0150+0029B 0.763 0.758 113.4  -750 595.1  383.7 01 50 17.71 +00 29 02.4 21.45 19.11 18.87 18.72 18.69 01 50 10.16 +00 29 07.5 19.58 18.98 18.82 18.91 18.52
SDSSJ0158+0013A SDSSJ0158+0014B 2.128 2.139 161.4  1030 964.4   54.6 01 58 00.43 +00 13 57.1 20.05 20.08 20.13 19.93 19.83 01 58 10.78 +00 14 41.0 20.83 20.41 20.33 20.25 20.08
SDSSJ0203+0059A SDSSJ0203+0057B 1.996 2.006 144.8  1020 871.6   65.9 02 03 34.95 +00 59 55.6 21.19 20.46 20.22 20.03 19.85 02 03 31.29 +00 57 41.7 20.42 20.50 20.39 20.31 19.95
SDSSJ0206+0018A SDSSJ0206+0019B 1.687 1.684 138.2  -290 839.8   33.4 02 06 46.97 +00 18 00.7 18.89 18.76 18.82 18.63 18.62 02 06 54.38 +00 19 22.9 20.44 20.04 20.01 19.82 19.86
SDSSJ0221-0010A SDSSJ0221-0010B 1.045 1.034  84.2 -1550 486.0  174.8 02 21 53.52 -00 10 14.8 21.23 20.64 20.06 19.91 19.62 02 21 58.78 -00 10 44.4 20.43 20.23 20.04 20.07 20.20
SDSSJ0229-0000A SDSSJ0229-0003B 0.558 0.563 167.3   880 765.5    9.6 02 29 23.44 -00 00 47.9 18.84 18.64 18.72 18.52 18.55 02 29 22.30 -00 03 34.4 20.03 19.73 19.85 19.68 19.48
SDSSJ0232+0005A SDSSJ0232+0006B 1.792 1.797 101.8   510 617.4    5.5 02 32 32.27 +00 05 52.9 18.57 18.50 18.56 18.30 18.31 02 32 26.00 +00 06 32.1 20.26 20.28 20.32 20.12 20.16
SDSSJ0242-0812A SDSSJ0242-0810B 1.228 1.224  93.3  -440 554.8   10.7 02 42 36.91 -08 12 14.0 19.99 20.08 19.87 19.81 20.12 02 42 40.12 -08 10 53.8 20.28 20.15 19.89 19.95 20.01
SDSSJ0245-0113A SDSSJ0245-0113B 2.462 2.459   4.5  -190  26.3   17.0 02 45 12.08 -01 13 14.0 20.56 19.85 19.56 19.47 19.33 02 45 11.90 -01 13 17.6 21.14 20.57 20.45 20.38 20.11
SDSSJ0257+0015A SDSSJ0257+0014B 1.612 1.616  65.5   450 398.2   14.4 02 57 27.25 +00 15 45.8 19.89 19.74 19.72 19.51 19.75 02 57 25.77 +00 14 44.1 20.59 20.27 20.23 19.93 19.89
SDSSJ0258-0003A SDSSJ0258-0003B 1.320 1.321  29.4   240 176.6   32.9 02 58 15.55 -00 03 34.2 18.93 18.93 18.66 18.66 18.74 02 58 13.66 -00 03 26.5 19.67 19.89 19.66 19.75 19.71
SDSSJ0312-0048A SDSSJ0312-0049B 2.139 2.152  85.8  1250 512.6   14.4 03 12 19.69 -00 48 08.0 20.27 20.04 19.97 19.90 19.80 03 12 23.60 -00 49 10.7 20.70 20.15 20.07 20.01 19.71
SDSSJ0315-0047A SDSSJ0315-0045B 2.170 2.167 121.2  -210 722.2  260.1 03 15 01.18 -00 47 50.8 19.78 19.21 18.77 18.63 18.41 03 15 02.23 -00 45 50.7 19.75 19.42 19.36 19.36 19.17
SDSSJ0322+0006A SDSSJ0322+0007B 0.701 0.694 168.7 -1120 856.1   16.9 03 22 31.37 +00 06 49.6 19.22 19.07 19.16 19.15 19.16 03 22 41.93 +00 07 48.0 20.31 19.95 19.99 20.04 19.93
SDSSJ0331-0000A SDSSJ0331-0002B 1.771 1.770 134.2   -80 814.1   21.8 03 31 26.91 -00 00 10.0 19.73 19.54 19.54 19.27 19.39 03 31 31.18 -00 02 07.8 20.07 19.64 19.57 19.36 19.24
SDSSJ0335-0022A SDSSJ0335-0021B 1.769 1.776 130.3   720 790.7   25.1 03 35 23.30 -00 22 03.9 17.86 17.90 17.89 17.73 17.70 03 35 31.71 -00 21 30.9 20.17 20.32 20.42 20.04 20.02
SDSSJ0339+0029A SDSSJ0339+0030B 1.486 1.483 109.3  -380 662.7   63.9 03 39 08.28 +00 29 24.9 19.94 20.09 19.72 19.56 19.66 03 39 12.37 +00 30 55.5 20.30 20.24 20.15 20.10 20.04
SDSSJ0342+0042A SDSSJ0342+0039B 0.551 0.560 216.1  1750 982.1  200.3 03 42 18.78 +00 42 07.3 20.86 20.48 20.42 20.06 19.89 03 42 10.11 +00 39 14.7 22.36 21.73 21.11 20.15 20.21
SDSSJ0350-0031A SDSSJ0350-0032B 2.001 1.992  45.5  -920 273.8  492.9 03 50 53.29 -00 31 14.7 20.35 20.17 19.45 18.99 18.62 03 50 53.05 -00 32 00.1 19.66 19.40 19.32 19.29 19.16
SDSSJ0740+4239A SDSSJ0740+4240B 1.614 1.617  71.6   310 435.0   14.8 07 40 52.52 +42 39 35.5 18.31 18.10 17.96 17.77 17.70 07 40 49.10 +42 40 36.4 18.93 18.82 18.75 18.54 18.51
SDSSJ0743+2054A SDSSJ0743+2055B 1.561 1.567  35.5   640 215.5   15.9 07 43 37.29 +20 54 37.1 20.06 19.86 19.77 19.51 19.43 07 43 36.85 +20 55 12.1 20.36 20.08 20.04 19.90 19.94
SDSSJ0746+4302A SDSSJ0746+4300B 0.513 0.510 123.5  -510 540.5   15.3 07 46 36.53 +43 02 06.7 18.98 18.73 18.71 18.55 18.59 07 46 32.81 +43 00 10.1 19.56 19.38 19.34 19.29 19.37
SDSSJ0747+4318A SDSSJ0747+4318B 0.501 0.501   9.2   150  39.9    6.3 07 47 59.02 +43 18 05.4 19.52 19.24 19.21 18.89 18.75 07 47 59.66 +43 18 11.5 19.79 19.45 19.36 19.11 18.99
SDSSJ0759+2539A SDSSJ0759+2539B 1.195 1.187 115.9 -1110 686.4   27.1 07 59 15.37 +25 39 51.8 18.75 18.67 18.42 18.38 18.44 07 59 23.64 +25 39 21.2 19.48 19.19 19.02 18.97 18.96
SDSSJ0812+2520A SDSSJ0812+2522B 1.804 1.809 105.8   570 641.7  159.4 08 12 49.56 +25 20 59.0 18.39 18.40 18.37 18.11 18.05 08 12 47.78 +25 22 42.0 19.23 18.83 18.67 18.27 18.33
SDSSJ0823+4459A SDSSJ0823+4458B 0.785 0.795  77.7  1730 412.0   30.7 08 23 29.80 +44 59 51.5 19.43 19.17 19.01 18.99 18.98 08 23 25.27 +44 58 50.4 19.66 19.24 19.13 19.20 18.84
SDSSJ0824+2357A SDSSJ0824+2357B 0.536 0.535  14.9  -170  67.0   13.2 08 24 40.61 +23 57 09.9 18.72 18.51 18.69 18.58 18.59 08 24 39.83 +23 57 20.3 19.00 18.67 18.88 18.70 18.72
SDSSJ0826+2942A SDSSJ0825+2942B 1.065 1.072 137.7  1060 798.1   50.7 08 26 04.57 +29 42 12.6 19.01 18.78 18.45 18.39 18.39 08 25 54.28 +29 42 44.7 19.94 19.88 19.65 19.73 19.73
SDSSJ0840+0526A SDSSJ0840+0528B 2.243 2.244 156.3   180 926.9    1.6 08 40 33.84 +05 26 26.0 19.51 19.05 19.02 18.93 18.78 08 40 31.37 +05 28 57.8 20.71 20.24 20.21 20.14 20.12
SDSSJ0841+3729A SDSSJ0841+3730B 1.211 1.201  66.7 -1390 396.0   52.4 08 41 13.75 +37 29 31.9 18.46 18.46 18.16 18.17 18.26 08 41 14.06 +37 30 38.5 18.97 18.90 18.55 18.80 18.97
SDSSJ0841+2959A SDSSJ0841+3000B 1.947 1.960 123.5  1240 745.2   45.7 08 41 28.11 +29 59 41.2 19.06 18.93 18.85 18.73 18.65 08 41 19.92 +30 00 43.9 19.56 19.67 19.73 19.41 19.27
SDSSJ0845+0711A SDSSJ0845+0710B 0.536 0.537  62.2   200 278.7  395.7 08 45 41.53 +07 11 52.3 18.63 18.47 18.67 18.55 18.74 08 45 41.19 +07 10 50.3 19.61 19.24 19.04 18.74 18.70
SDSSJ0851+4111A SDSSJ0851+4109B 1.705 1.701 134.9  -410 819.3    7.2 08 51 53.48 +41 11 58.6 18.97 18.89 18.90 18.65 18.72 08 51 51.29 +41 09 46.0 19.70 19.75 19.71 19.45 19.52
SDSSJ0856+5111A SDSSJ0856+5111B 0.543 0.543  21.8    60  98.2  138.9 08 56 25.63 +51 11 37.4 18.90 18.52 18.64 18.45 18.51 08 56 26.71 +51 11 18.2 20.03 19.55 19.42 19.17 19.19
SDSSJ0903+3156A SDSSJ0903+3158B 0.906 0.909 155.8   520 866.1  116.6 09 03 35.28 +31 56 04.5 18.99 18.85 18.76 18.87 18.82 09 03 41.99 +31 58 14.9 19.56 19.21 19.06 19.00 18.91
SDSSJ0904+0710A SDSSJ0904+0710B 1.290 1.293 136.7   370 818.4   15.6 09 04 24.21 +07 10 15.9 19.07 19.05 18.87 18.93 18.95 09 04 33.32 +07 10 33.0 19.67 19.70 19.45 19.43 19.33
SDSSJ0906+1001A SDSSJ0906+0959B 1.694 1.684 127.3 -1200 773.7   56.2 09 06 57.80 +10 01 21.5 17.79 17.78 17.81 17.61 17.60 09 06 53.59 +09 59 30.4 18.62 18.45 18.39 18.17 18.17
SDSSJ0907+0634A SDSSJ0907+0634B 1.434 1.429  86.6  -550 523.6  109.8 09 07 28.84 +06 34 22.1 19.94 19.85 19.36 19.07 18.90 09 07 23.24 +06 34 45.0 20.28 20.10 19.93 19.80 19.82
SDSSJ0907+5203A SDSSJ0907+5203B 0.952 0.954  85.4   220 481.4   42.7 09 07 43.96 +52 03 22.8 19.31 19.02 18.84 18.89 18.96 09 07 35.29 +52 03 52.8 19.80 19.30 19.05 19.11 18.98
SDSSJ0908+0626A SDSSJ0908+0627B 1.573 1.586  85.9  1520 521.9   67.6 09 08 16.84 +06 26 07.4 19.89 19.33 19.11 18.94 18.89 09 08 12.98 +06 27 11.2 20.46 20.19 20.25 20.00 20.10
SDSSJ0909+0002A SDSSJ0909+0002B 1.872 1.888  15.0  1700  90.6   28.0 09 09 24.01 +00 02 11.0 16.65 16.68 16.61 16.39 16.34 09 09 23.13 +00 02 04.0 20.08 20.06 20.11 19.97 19.82
SDSSJ0911+4704A SDSSJ0911+4703B 1.650 1.649 140.5  -140 853.6  123.8 09 11 58.28 +47 04 43.6 19.53 19.44 19.30 18.99 19.00 09 11 48.38 +47 03 06.1 19.25 19.12 19.24 19.07 19.14
SDSSJ0916+0220A SDSSJ0916+0221B 1.490 1.494  86.4   480 523.7    7.5 09 16 57.72 +02 20 14.8 19.03 18.97 18.85 18.72 18.80 09 16 56.06 +02 21 37.6 19.97 19.96 19.85 19.62 19.73
SDSSJ0918+4611A SDSSJ0918+4609B 1.893 1.889 139.3  -460 842.4    1.5 09 18 32.20 +46 11 38.2 19.10 18.97 19.02 18.76 18.89 09 18 40.45 +46 09 48.4 19.16 18.96 19.02 18.77 18.88
SDSSJ0921+0912A SDSSJ0921+0913B 1.773 1.778 116.8   540 709.0   73.8 09 21 47.78 +09 12 17.5 19.46 19.37 19.42 19.17 19.23 09 21 52.45 +09 13 51.6 20.47 20.26 20.13 19.71 19.58
SDSSJ0922+3651A SDSSJ0922+3649B 1.627 1.622 156.1  -480 948.7   48.6 09 22 11.56 +36 51 20.2 18.84 18.29 17.88 17.67 17.56 09 22 21.22 +36 49 35.6 19.05 18.64 18.37 18.07 18.03
SDSSJ0931+0315A SDSSJ0931+0315B 1.154 1.164 103.8  1340 611.2   12.0 09 31 38.28 +03 15 10.2 19.03 18.92 18.73 18.72 18.92 09 31 31.37 +03 15 18.3 20.23 20.14 20.00 20.06 19.89
SDSSJ0935+5512A SDSSJ0935+5511B 1.802 1.793  91.9  -940 557.0    1.3 09 35 55.37 +55 12 40.5 20.08 20.05 20.13 19.83 20.01 09 35 51.45 +55 11 15.0 20.25 20.19 20.31 20.04 20.11
SDSSJ0936+4455A SDSSJ0936+4453B 1.215 1.217 124.5   270 739.3    8.5 09 36 53.67 +44 55 12.4 19.86 19.76 19.47 19.47 19.65 09 36 57.65 +44 53 15.3 20.90 20.76 20.41 20.38 20.29
SDSSJ0947+5830A SDSSJ0947+5830B 0.935 0.946 130.6  1700 732.6   85.0 09 47 35.06 +58 30 46.7 17.84 17.78 17.69 17.77 17.72 09 47 51.56 +58 30 28.1 20.42 20.16 19.92 19.86 19.63
SDSSJ0949+3939A SDSSJ0949+3936B 0.664 0.653 165.8 -1880 822.6  145.5 09 49 42.44 +39 39 26.2 19.32 18.97 19.00 18.90 18.96 09 49 39.93 +39 36 42.9 20.52 20.06 19.76 19.53 19.56
SDSSJ0954+3638A SDSSJ0954+3640B 1.899 1.907  84.5   770 510.7    0.0 09 54 38.92 +36 38 51.0 19.34 19.30 19.31 19.04 19.01 09 54 38.72 +36 40 15.5  0.00  0.00  0.00  0.00  0.00
SDSSJ0955+0616A SDSSJ0955+0617B 1.279 1.271  44.0 -1040 263.3   38.6 09 55 56.38 +06 16 42.5 17.79 18.07 17.84 17.81 17.86 09 55 59.03 +06 17 01.9 20.35 20.29 20.11 20.21 20.29
2QZJ1004-0232A  2QZJ1004-0235B  0.516 0.523 149.9  1500 658.1   66.9 10 04 44.06 -02 32 40.3 20.77 20.57 20.24 19.95 19.62 10 04 45.67 -02 35 08.2 19.10 18.89 18.91 18.66 18.49
SDSSJ1005+0245A SDSSJ1005+0245B 1.484 1.478 145.5  -760 881.9  408.3 10 05 13.76 +02 45 10.3 19.31 18.73 18.27 17.90 17.81 10 05 23.32 +02 45 36.1 19.99 19.90 19.86 19.66 19.76
SDSSJ1005+0259A SDSSJ1005+0301B 0.907 0.897 156.5 -1490 869.9   37.3 10 05 52.25 +02 59 02.3 19.37 18.91 18.57 18.62 18.36 10 05 46.86 +03 01 16.3 20.57 20.29 20.13 20.25 20.20
2QZJ1015-0213A  2QZJ1015-0214B  1.577 1.561  73.3 -1850 445.5   10.5 10 15 42.07 -02 13 21.3 20.59 20.46 20.26 20.15 20.23 10 15 45.23 -02 14 17.3 20.11 19.98 19.98 19.77 19.84
SDSSJ1016+4040A SDSSJ1016+4040B 2.982 3.001  68.2  1440 379.8   21.2 10 16 01.51 +40 40 52.9 21.30 19.45 19.25 19.11 18.85 10 16 05.84 +40 40 05.8 22.16 20.39 20.09 20.11 19.93
SDSSJ1016+4531A SDSSJ1016+4533B 1.385 1.377 120.4 -1040 726.4   50.1 10 16 09.92 +45 31 43.1 19.54 19.36 19.03 18.97 19.05 10 16 02.68 +45 33 16.5 20.22 20.44 20.00 19.99 19.83
SDSSJ1016+4532A SDSSJ1016+4531B 1.381 1.385 130.8   520 788.6   38.9 10 16 20.14 +45 32 57.7 17.78 17.71 17.47 17.45 17.46 10 16 09.92 +45 31 43.1 19.54 19.36 19.03 18.97 19.05
SDSSJ1017+5627A SDSSJ1017+5627B 1.539 1.531  68.8  -890 417.7   50.2 10 17 03.18 +56 27 16.4 19.08 19.15 18.88 18.72 18.81 10 17 10.54 +56 27 48.2 19.30 19.19 19.16 19.02 19.11
SDSSJ1027+5225A SDSSJ1027+5226B 1.326 1.338 165.5  1520 993.9    6.7 10 27 40.99 +52 25 05.1 19.34 19.33 19.01 19.05 19.10 10 27 25.95 +52 26 37.2 20.71 20.71 20.31 20.25 20.42
SDSSJ1027+0030A 2QZJ1027+0028B  1.128 1.140 148.6  1700 871.0   25.1 10 27 53.84 +00 30 55.4 18.32 18.33 18.15 18.19 18.32 10 27 50.97 +00 28 33.2 19.29 19.25 18.95 19.01 19.17
2QZJ1028-0134A  2QZJ1028-0136B  2.294 2.310 139.8  1480 826.3   66.4 10 28 32.61 -01 34 47.5 21.12 20.49 20.39 20.11 19.73 10 28 27.15 -01 36 40.8 20.14 20.19 20.11 20.07 20.11
2QZJ1032+0114A  2QZJ1032+0112B  1.893 1.879 126.1 -1440 762.3   11.3 10 32 00.43 +01 14 21.9 20.35 20.40 20.39 20.21 20.53 10 32 06.59 +01 12 56.2 19.75 19.74 19.87 19.56 19.51
SDSSJ1032+0140A 2QZJ1032+0139B  1.463 1.450  55.1 -1580 333.5   16.0 10 32 44.65 +01 40 20.5 18.93 18.86 18.84 18.76 18.86 10 32 43.17 +01 39 30.0 20.50 20.46 20.27 20.15 20.21
SDSSJ1034+6417A SDSSJ1035+6418B 1.157 1.155  68.2  -240 401.8   73.3 10 34 55.50 +64 17 45.4 19.55 19.54 19.31 19.15 19.24 10 35 05.53 +64 18 05.3 20.60 20.32 19.92 19.61 19.64
SDSSJ1037+0402A SDSSJ1037+0402B 1.086 1.097  66.3  1560 386.0   18.1 10 37 48.37 +04 02 42.2 18.00 17.92 17.72 17.78 17.78 10 37 43.97 +04 02 33.8 18.96 18.81 18.54 18.59 18.70
2QZJ1039+0146A  2QZJ1039+0144B  0.885 0.884 123.3   -90 680.5    8.9 10 39 51.52 +01 46 25.2 19.80 19.51 19.52 19.65 19.68 10 39 47.04 +01 44 41.8 19.19 18.97 18.90 19.05 18.85
2QZJ1039-0129A  2QZJ1040-0130B  0.731 0.721  75.1 -1760 387.8   21.4 10 39 58.72 -01 29 50.0 19.42 19.20 19.12 19.03 18.94 10 40 00.67 -01 30 59.2 20.57 20.15 20.22 20.11 19.70
SDSSJ1042+4041A SDSSJ1041+4042B 1.751 1.745 163.0  -650 989.4    0.0 10 42 12.56 +40 41 22.8 19.40 19.22 19.13 18.83 18.82 10 41 58.98 +40 42 15.0  0.00  0.00  0.00  0.00  0.00
SDSSJ1044+6352A SDSSJ1044+6353B 1.535 1.535  72.2   -30 438.0   33.4 10 44 14.00 +63 52 47.0 20.71 20.50 20.18 19.89 20.16 10 44 14.88 +63 53 59.0 20.54 20.41 20.30 20.11 20.16
SDSSJ1047+5024A SDSSJ1047+5022B 1.351 1.361 132.0  1310 794.1    9.2 10 47 18.18 +50 24 08.6 19.09 18.89 18.63 18.46 18.47 10 47 22.17 +50 22 02.3 19.39 19.25 18.95 18.89 18.86
SDSSJ1052+6042A SDSSJ1052+6042B 1.629 1.636  67.4   770 409.4    3.9 10 52 28.21 +60 42 10.0 20.65 20.44 20.40 20.17 20.17 10 52 20.12 +60 42 41.7 20.56 20.40 20.45 20.20 20.02
SDSSJ1055+4757A SDSSJ1055+4755B 0.540 0.532 149.3 -1390 671.3   19.6 10 55 49.10 +47 57 35.9 19.19 18.90 19.00 18.83 18.88 10 55 44.86 +47 55 12.8 19.14 18.89 19.04 18.96 19.01
SDSSJ1101+0550A SDSSJ1101+0552B 0.828 0.827 124.6  -180 673.3   13.6 11 01 49.86 +05 50 33.6 19.27 18.95 18.89 18.97 18.88 11 01 51.37 +05 52 36.2 19.40 19.13 19.03 19.02 18.84
SDSSJ1103+0318A SDSSJ1104+0318B 1.943 1.926  57.3 -1730 345.7   41.5 11 03 57.72 +03 18 08.3 18.35 18.36 18.30 18.10 17.96 11 04 01.49 +03 18 17.5 19.08 19.04 19.12 19.02 18.97
SDSSJ1107+0033A 2QZJ1107+0034B  1.879 1.882  24.8   280 150.1   22.9 11 07 25.70 +00 33 53.9 18.98 18.94 18.84 18.51 18.42 11 07 27.08 +00 34 07.6 20.01 20.04 20.05 19.84 19.80
SDSSJ1113-0044A 2QZJ1113-0044B  1.487 1.500 162.3  1500 983.7    7.0 11 13 44.85 -00 44 11.7 19.00 18.82 18.61 18.47 18.52 11 13 55.66 -00 44 07.5 19.66 19.39 19.26 19.11 19.22
SDSSJ1116+4118A SDSSJ1116+4118B 2.991 3.003  13.8   890  76.8   28.4 11 16 11.74 +41 18 21.5 20.35 18.53 18.16 17.94 17.96 11 16 10.69 +41 18 14.4 21.33 19.44 19.17 19.03 19.03
2QZJ1121-0229A  2QZJ1121-0231B  1.782 1.795 111.7  1410 677.8    8.0 11 21 56.04 -02 29 54.3 18.35 18.36 18.29 18.07 18.22 11 21 50.93 -02 31 15.6 21.16 21.35 21.20 20.83 20.98
SDSSJ1122+5058A SDSSJ1122+5059B 1.805 1.807  94.1   160 570.6   36.3 11 22 48.83 +50 58 39.0 19.47 19.40 19.32 18.94 19.02 11 22 54.12 +50 59 58.8 19.69 19.66 19.64 19.45 19.42
SDSSJ1122+6230A SDSSJ1123+6232B 1.439 1.441 113.0   210 683.3   87.9 11 22 54.26 +62 30 27.6 19.56 19.40 19.10 18.87 18.80 11 23 02.10 +62 32 06.7 19.31 19.26 19.13 18.99 19.06
2QZJ1123+0043A  2QZJ1123+0045B  1.344 1.338 148.0  -740 890.3   15.1 11 23 17.05 +00 43 58.8 20.30 20.25 19.86 19.75 19.90 11 23 24.71 +00 45 32.1 20.40 20.41 20.11 20.10 20.19
SDSSJ1123+0122A SDSSJ1123+0122B 0.940 0.939 122.9   -90 690.0   47.2 11 23 36.59 +01 22 01.8 19.42 19.11 18.92 19.05 18.93 11 23 44.24 +01 22 45.7 19.32 19.25 19.20 19.24 19.10
SDSSJ1125-0117A SDSSJ1125-0119B 1.991 2.004 153.5  1260 924.0   15.4 11 25 37.28 -01 17 03.4 18.40 18.38 18.35 18.16 17.99 11 25 42.90 -01 19 11.6 20.07 20.16 20.17 20.10 19.86
2QZJ1127-0241A  2QZJ1127-0243B  1.194 1.184 150.8 -1360 892.9   11.6 11 27 14.78 -02 41 31.4 19.45 19.73 19.47 19.47 19.69 11 27 19.18 -02 43 47.1 19.47 19.56 19.33 19.29 19.48
SDSSJ1129+6127A SDSSJ1129+6127B 0.874 0.876  72.6   350 398.9   83.3 11 29 12.12 +61 27 57.7 19.03 18.67 18.44 18.50 18.42 11 29 02.06 +61 27 50.0 20.15 19.86 19.93 20.01 19.95
SDSSJ1129+0153A 2QZJ1129+0151B  0.699 0.709 148.2  1680 751.8  217.4 11 29 22.56 +01 53 31.3 18.79 18.57 18.74 18.69 18.61 11 29 15.59 +01 51 46.2 20.46 19.77 19.56 19.35 19.19
SDSSJ1134+0849A SDSSJ1134+0849B 1.528 1.525  27.1  -390 164.4    6.4 11 34 57.74 +08 49 35.3 19.30 19.10 19.01 18.83 18.85 11 34 59.38 +08 49 23.3 19.65 19.50 19.34 19.11 19.13
SDSSJ1135+0014A 2QZJ1135+0014B  1.650 1.650 122.2   -50 742.3   25.4 11 35 32.86 +00 14 11.4 18.90 18.75 18.76 18.58 18.74 11 35 24.97 +00 14 41.7 20.39 20.16 20.06 19.85 19.79
SDSSJ1138+0139A 2QZJ1138+0136B  1.043 1.033 172.3 -1470 993.4   23.9 11 38 23.72 +01 39 24.8 19.00 18.68 18.33 18.38 18.28 11 38 23.07 +01 36 32.8 20.24 20.16 19.92 19.96 19.91
2QZJ1140-0148A  2QZJ1140-0149B  2.025 2.031 123.3   610 741.2   17.3 11 40 18.75 -01 48 42.0 19.54 19.46 19.42 19.29 19.05 11 40 12.13 -01 49 55.2 19.75 19.87 19.81 19.65 19.50
SDSSJ1143+1325A SDSSJ1143+1324B 2.508 2.509 138.3   100 803.8    0.0 11 43 23.44 +13 25 42.0 19.25 18.69 18.66 18.64 18.43 11 43 16.98 +13 24 00.8  0.00  0.00  0.00  0.00  0.00
2QZJ1146-0124A  2QZJ1146-0124B  1.977 1.972  28.5  -490 172.0   26.0 11 46 52.97 -01 24 46.4 20.54 20.23 20.17 19.93 19.65 11 46 51.19 -01 24 56.3 20.53 20.46 20.52 20.35 20.24
SDSSJ1148-0233A 2QZJ1148-0233B  0.566 0.560  79.6 -1230 366.5   22.4 11 48 05.31 -02 33 03.6 17.90 17.63 17.65 17.56 17.65 11 48 10.62 -02 33 01.6 18.80 18.56 18.68 18.55 18.62
SDSSJ1148+1050A SDSSJ1148+1047B 1.011 1.008 157.1  -370 899.6   18.1 11 48 39.41 +10 50 16.7 18.25 18.19 18.08 18.10 18.06 11 48 44.25 +10 47 56.7 18.66 18.59 18.43 18.54 18.64
2QZJ1149+0016A  2QZJ1149+0018B  2.067 2.072 145.1   450 870.5   24.1 11 49 08.13 +00 16 16.3 20.38 20.29 20.15 20.07 20.03 11 49 10.69 +00 18 36.3 19.36 19.34 19.38 19.27 19.18
SDSSJ1151+6353A SDSSJ1151+6355B 0.619 0.609 135.1 -1860 649.6   71.2 11 51 30.71 +63 53 23.7 19.51 18.96 18.85 18.60 18.71 11 51 20.45 +63 55 20.6 20.02 19.68 19.79 19.55 19.49
SDSSJ1151+4819A SDSSJ1151+4819B 0.717 0.723 167.8  1000 859.7    7.3 11 51 44.78 +48 19 28.4 18.94 18.60 18.60 18.59 18.43 11 51 27.96 +48 19 23.4 19.20 18.82 18.80 18.86 18.61
SDSSJ1152-0030A 2QZJ1152-0030B  0.550 0.554  29.3   740 132.8   23.1 11 52 40.53 -00 30 04.3 18.95 18.80 18.93 18.86 18.80 11 52 40.10 -00 30 32.9 20.32 20.12 20.16 19.99 20.16
2QZJ1153-0220A  2QZJ1152-0221B  1.914 1.925  92.6  1150 559.6    2.0 11 53 03.82 -02 20 21.8 20.80 20.71 20.77 20.58 20.34 11 52 58.93 -02 21 18.3 20.91 20.87 21.02 20.71 20.33
SDSSJ1204+0953A SDSSJ1204+0954B 1.278 1.270 154.5 -1000 923.9  106.5 12 04 49.73 +09 53 35.2 18.36 18.11 17.79 17.83 17.87 12 04 40.75 +09 54 54.3 19.08 19.35 18.97 18.96 18.95
SDSSJ1207+0115A 2QZJ1207+0115B  0.966 0.964  35.4  -260 200.1    3.5 12 07 00.97 +01 15 39.4 19.03 18.94 18.84 18.87 18.85 12 07 01.40 +01 15 04.7 20.62 20.40 20.30 20.37 20.36
SDSSJ1208-0207A 2QZJ1208-0209B  1.082 1.077 162.7  -710 945.7   47.7 12 08 36.29 -02 07 26.5 18.93 18.88 18.65 18.85 18.99 12 08 28.18 -02 09 14.5 19.98 19.88 19.64 19.60 19.60
2QZJ1209+0029A  2QZJ1209+0026B  1.319 1.322 165.8   340 995.2    3.3 12 09 19.63 +00 29 26.4 20.39 20.66 20.23 20.40 20.25 12 09 22.39 +00 26 45.9 20.63 20.83 20.46 20.58 20.90
2QZJ1212-0053A  2QZJ1212-0053B  2.459 2.473  73.9  1220 431.6    1.2 12 12 56.11 -00 53 35.4 20.81 20.35 20.32 20.39 20.22 12 12 51.19 -00 53 40.8 20.41 19.92 19.92 19.99 19.69
SDSSJ1213-0101A 2QZJ1213-0102B  2.507 2.518 139.8   890 813.0  129.1 12 13 10.43 -01 01 06.6 21.65 20.69 20.30 20.02 19.60 12 13 18.97 -01 02 02.6 20.10 19.35 19.17 19.18 19.03
SDSSJ1214-0155A 2QZJ1214-0158B  1.201 1.209 142.4  1060 844.3   20.6 12 14 05.58 -01 55 55.8 18.49 18.44 18.25 18.32 18.42 12 14 08.31 -01 58 12.2 20.11 20.30 19.94 19.97 20.04
2QZJ1217+0006A  2QZJ1217+0006B  1.784 1.782  51.8  -200 314.0   13.5 12 17 36.18 +00 06 57.4 19.96 19.93 20.06 19.76 19.62 12 17 35.03 +00 06 08.6 19.17 19.30 19.32 19.05 19.17
2QZJ1217+0055A  2QZJ1217+0055B  0.902 0.901  40.5   -60 224.7   18.3 12 17 36.95 +00 55 22.7 20.33 20.24 20.12 20.23 19.84 12 17 34.25 +00 55 22.2 20.25 19.92 19.78 19.82 19.98
SDSSJ1226-0112A 2QZJ1226-0113B  0.920 0.920  50.6   100 282.4   22.8 12 26 24.09 -01 12 34.5 17.47 17.39 17.23 17.27 17.28 12 26 25.58 -01 13 19.9 19.74 19.82 19.75 19.79 19.53
SDSSJ1232+6149A SDSSJ1233+6147B 1.837 1.830 122.4  -750 741.5    7.5 12 32 58.68 +61 49 32.9 19.89 19.91 19.94 19.64 19.61 12 33 09.51 +61 47 57.6 19.98 19.83 19.88 19.65 19.66
2QZJ1234+0154A  2QZJ1234+0154B  1.656 1.667 156.4  1180 950.5    3.6 12 34 18.33 +01 54 23.2 20.87 20.67 20.67 20.51 20.60 12 34 07.90 +01 54 18.5 20.13 19.99 20.04 19.74 19.76
SDSSJ1243+0103A 2QZJ1243+0102B  0.721 0.719  88.5  -460 454.2   32.0 12 43 22.16 +01 03 47.9 18.80 18.48 18.40 18.39 18.31 12 43 19.54 +01 02 28.6 20.84 20.47 20.41 20.12 19.94
SDSSJ1247-0209A 2QZJ1247-0212B  1.324 1.318 153.3  -840 920.4    3.6 12 47 18.06 -02 09 47.6 18.85 18.84 18.63 18.57 18.75 12 47 16.39 -02 12 18.8 19.80 19.79 19.51 19.52 19.65
SDSSJ1249+6128A SDSSJ1249+6129B 1.803 1.802  94.4   -70 572.2   46.8 12 49 38.91 +61 28 56.2 19.49 19.57 19.64 19.46 19.31 12 49 26.14 +61 29 19.3 20.21 20.08 20.01 19.75 19.71
SDSSJ1251+0415A SDSSJ1251+0416B 2.011 2.023  93.7  1200 563.6   48.2 12 51 22.59 +04 15 47.5 19.02 18.77 18.62 18.52 18.35 12 51 28.77 +04 16 02.5 19.50 19.55 19.36 19.05 18.78
SDSSJ1257-0046A 2QZJ1257-0044B  1.632 1.635  96.6   380 587.0   20.5 12 57 56.58 -00 46 11.7 19.65 19.46 19.39 19.18 19.12 12 57 58.83 -00 44 41.2 19.99 19.83 19.70 19.36 19.48
SDSSJ1300+0046A 2QZJ1300+0045B  1.871 1.852 164.8 -1930 997.0   31.8 13 00 29.02 +00 46 37.3 18.65 18.60 18.58 18.34 18.34 13 00 19.22 +00 45 22.9 20.18 20.40 20.47 20.09 20.15
SDSSJ1300-0156A 2QZJ1300-0157B  1.622 1.627  44.5   480 270.7   37.6 13 00 45.56 -01 56 31.8 18.26 18.26 18.14 17.88 17.90 13 00 44.52 -01 57 13.5 19.81 19.72 19.73 19.59 19.70
SDSSJ1302-0037A 2QZJ1302-0038B  1.674 1.663  93.0 -1260 565.1  551.1 13 02 08.27 -00 37 31.6 18.80 18.50 17.96 17.64 17.63 13 02 05.04 -00 38 50.9 19.36 19.34 19.39 19.13 19.25
SDSSJ1308+6228A SDSSJ1308+6230B 2.061 2.077 100.2  1560 601.4  341.4 13 08 55.68 +62 28 39.1 19.89 19.26 18.93 18.52 18.16 13 08 48.47 +62 30 06.0 20.63 20.36 20.48 20.44 20.19
2QZJ1310-0101A  2QZJ1310-0100B  1.288 1.286  86.0  -320 514.6   16.4 13 10 09.85 -01 01 04.8 19.62 19.79 19.56 19.56 19.56 13 10 15.03 -01 00 27.9 19.78 20.03 19.63 19.65 19.62
SDSSJ1310+0044A 2QZJ1310+0043B  1.601 1.588  65.5 -1560 398.0   16.5 13 10 28.51 +00 44 08.9 19.35 19.23 19.19 18.96 18.95 13 10 31.42 +00 43 20.1 19.88 19.74 19.78 19.61 19.69
2QZJ1310+0008A  2QZJ1310+0006B  0.933 0.926 177.1 -1050 992.7   13.4 13 10 55.86 +00 08 14.5 19.08 19.07 19.04 19.12 19.07 13 10 46.15 +00 06 33.7 20.40 20.30 20.17 20.33 20.01
2QZJ1311+0150A  2QZJ1311+0150B  2.196 2.180 161.1 -1470 958.8   34.5 13 11 32.88 +01 50 34.1 21.43 21.00 20.86 20.57 19.89 13 11 22.19 +01 50 17.6 20.76 20.56 20.54 20.40 20.40
SDSSJ1327-0230A 2QZJ1327-0231B  2.350 2.360  76.2   940 448.3   42.9 13 27 58.84 -02 30 25.4 19.61 19.13 18.93 18.99 18.92 13 27 59.78 -02 31 40.3 20.44 19.66 19.71 19.64 19.29
2QZJ1328-0157A  2QZJ1328-0157B  2.371 2.361  52.6  -890 309.2   26.8 13 28 30.14 -01 57 32.8 19.86 19.49 19.52 19.55 19.42 13 28 33.64 -01 57 27.9 20.46 19.92 19.78 19.77 19.75
SDSSJ1336+4651A SDSSJ1335+4652B 2.057 2.043 166.5 -1420 998.8   17.4 13 36 01.15 +46 51 18.6 18.28 18.21 18.19 17.95 17.77 13 35 46.18 +46 52 22.8 18.83 18.64 18.58 18.49 18.37
2QZJ1343+0112A  2QZJ1343+0111B  2.126 2.139 101.4  1210 605.9   60.4 13 43 07.34 +01 12 20.2 19.01 19.43 19.79 19.69 19.47 13 43 12.86 +01 11 21.5 19.00 18.94 19.39 19.33 18.96
SDSSJ1343-0156A SDSSJ1343-0155B 1.430 1.427  63.5  -420 384.2    4.7 13 43 14.72 -01 56 14.9 18.43 18.38 18.26 18.23 18.30 13 43 16.15 -01 55 15.0 19.73 19.71 19.61 19.65 19.71
SDSSJ1352-0146A 2QZJ1352-0149B  0.579 0.580 202.0   180 940.6    2.2 13 52 04.19 -01 46 12.4 19.19 18.88 18.98 18.83 18.75 13 52 04.33 -01 49 34.4 20.22 19.91 20.00 19.91 19.85
2QZJ1354-0108A  2QZJ1354-0107B  1.986 1.993  55.5   740 334.2   37.1 13 54 40.40 -01 08 45.4 19.48 19.54 19.46 19.29 19.21 13 54 39.97 -01 07 50.3 20.40 20.13 19.99 19.85 19.64
SDSSJ1407+6049A SDSSJ1407+6047B 1.587 1.588  97.1   110 589.7  105.2 14 07 02.09 +60 49 14.6 19.43 19.25 19.14 18.91 19.02 14 07 04.20 +60 47 38.8 20.35 20.00 19.64 19.30 19.24
2QZJ1411-0129A  2QZJ1411-0131B  0.990 0.978 152.5 -1820 868.6    5.5 14 11 07.51 -01 29 59.4 20.01 19.96 19.76 19.87 19.77 14 11 14.33 -01 31 52.5 19.77 19.75 19.64 19.77 19.72
SDSSJ1426+6451A SDSSJ1426+6452B 1.979 1.975 142.9  -380 861.1   57.8 14 26 00.41 +64 51 33.1 18.30 18.45 18.46 18.23 18.08 14 26 18.91 +64 52 54.0 18.87 18.92 18.76 18.56 18.41
SDSSJ1435-0220A 2QZJ1436-0220B  1.817 1.828 152.3  1150 923.1   83.5 14 35 59.57 -02 20 56.4 18.89 18.69 18.59 18.34 18.38 14 36 09.14 -02 20 05.5 19.30 19.44 19.45 19.16 19.23
SDSSJ1441-0200A 2QZJ1441-0203B  2.059 2.048 157.9 -1090 947.2   67.7 14 41 48.31 -02 00 46.0 19.16 19.00 19.01 18.99 18.88 14 41 45.96 -02 03 19.8 20.31 20.31 20.19 19.89 19.86
2QZJ1444+0025A  2QZJ1444+0023B  1.460 1.444 113.3 -1950 686.1   24.8 14 44 40.61 +00 25 17.7 20.49 20.59 20.51 20.42 20.74 14 44 45.03 +00 23 45.7 20.97 20.68 20.51 20.36 20.57
SDSSJ1445+0226A SDSSJ1445+0224B 0.606 0.605 128.3  -140 610.8   28.5 14 45 07.84 +02 26 36.6 18.50 18.27 18.27 18.12 18.19 14 45 03.60 +02 24 45.2 19.42 19.17 19.09 18.87 18.81
SDSSJ1448+4948A SDSSJ1448+4948B 2.093 2.087  81.2  -530 486.2   17.4 14 48 44.81 +49 48 34.9 20.24 20.17 20.19 19.94 19.58 14 48 53.02 +49 48 18.1 20.68 20.34 20.21 20.16 19.84
SDSSJ1504+0331A SDSSJ1504+0333B 0.557 0.553 137.4  -830 627.7  890.8 15 04 39.50 +03 31 34.7 19.20 18.89 19.02 18.94 18.96 15 04 33.09 +03 33 13.0 21.19 20.29 19.81 19.17 19.28
SDSSJ1509+5057A SDSSJ1509+5056B 2.362 2.367 119.6   490 703.2    7.7 15 09 32.23 +50 57 51.7 19.28 18.74 18.67 18.64 18.48 15 09 25.65 +50 56 09.6 19.43 18.94 18.91 18.84 18.57
SDSSJ1514+5359A SDSSJ1515+5357B 1.650 1.638 146.0 -1350 886.9   25.2 15 14 53.34 +53 59 40.0 19.28 18.98 18.83 18.52 18.48 15 15 04.89 +53 57 55.5 20.22 20.08 20.02 19.76 19.87
SDSSJ1534+5156A SDSSJ1534+5157B 1.327 1.319 101.9  -990 611.9   22.1 15 34 49.50 +51 56 19.0 18.94 18.96 18.61 18.60 18.72 15 34 40.62 +51 57 19.3 19.01 19.07 18.83 18.84 18.86
SDSSJ1539+3333A SDSSJ1539+3335B 1.919 1.926 105.7   670 638.5  109.3 15 39 13.57 +33 33 33.9 19.65 19.40 19.11 18.73 18.66 15 39 09.63 +33 35 07.4 20.22 20.16 20.05 19.85 19.81
SDSSJ1546+4727A SDSSJ1546+4728B 1.900 1.890  62.6 -1020 378.5    1.0 15 46 31.40 +47 27 52.9 19.29 19.22 19.17 18.88 18.77 15 46 34.35 +47 28 47.9 19.31 19.26 19.18 18.91 18.84
SDSSJ1547+3145A SDSSJ1547+3146B 1.982 1.990 163.7   790 985.8    6.1 15 47 20.76 +31 45 21.4 17.34 17.97 17.94 17.88 17.79 15 47 33.18 +31 46 02.2 19.35 20.02 19.92 19.83 19.77
SDSSJ1555-0036A SDSSJ1556-0036B 0.763 0.753  81.6 -1660 428.2    6.4 15 55 57.07 -00 36 08.4 17.58 17.37 17.30 17.37 17.34 15 56 01.32 -00 36 59.3 19.10 18.80 18.78 18.88 18.78
SDSSJ1707+3329A SDSSJ1707+3329B 1.711 1.728  75.4  1890 457.9   46.6 17 07 57.55 +33 29 34.4 18.23 17.94 17.90 17.71 17.71 17 07 51.64 +33 29 20.1 18.97 18.80 18.82 18.63 18.66
SDSSJ1710+3212A SDSSJ1710+3214B 1.327 1.333 159.6   780 958.3   48.9 17 10 27.92 +32 12 35.3 20.01 20.10 19.90 19.95 20.09 17 10 36.79 +32 14 28.5 20.75 20.36 20.16 20.12 20.23
SDSSJ1718+3028A SDSSJ1718+3026B 2.046 2.026 161.8 -1970 971.2   36.6 17 18 37.17 +30 28 52.8 19.49 19.49 19.56 19.22 18.95 17 18 45.05 +30 26 47.2 19.63 19.62 19.55 19.39 19.19
SDSSJ1718+6119A SDSSJ1718+6118B 1.789 1.806 119.1  1840 722.2    5.4 17 18 59.23 +61 19 34.4 18.69 18.69 18.69 18.41 18.44 17 18 48.29 +61 18 05.2 19.83 19.77 19.70 19.46 19.53
SDSSJ2051+0021A SDSSJ2051+0021B 2.400 2.401 149.0    40 873.7   16.2 20 51 46.39 +00 21 37.0 20.34 19.82 19.82 19.78 19.62 20 51 36.52 +00 21 19.5 20.78 20.01 19.93 19.84 19.57
SDSSJ2058+0003A SDSSJ2058+0005B 1.275 1.273 113.6  -280 679.4   11.1 20 58 47.75 +00 03 44.9 20.15 20.09 19.72 19.83 19.91 20 58 49.59 +00 05 35.1 20.40 20.14 19.90 19.93 19.90
SDSSJ2117-0601A SDSSJ2117-0602B 1.771 1.776 118.3   590 717.8   63.5 21 17 28.92 -06 01 49.4 18.13 17.97 17.77 17.57 17.61 21 17 21.65 -06 02 36.7 19.37 19.45 19.41 19.18 19.11
SDSSJ2224-0103A SDSSJ2224-0102B 1.603 1.603  60.3   -80 366.5    6.5 22 24 49.73 -01 03 28.8 19.12 18.87 18.78 18.59 18.72 22 24 46.92 -01 02 45.6 19.56 19.27 19.17 18.92 19.02
SDSSJ2243-0109A SDSSJ2242-0109B 1.044 1.033 134.6 -1630 776.7    3.9 22 43 04.09 -01 09 46.5 19.80 19.63 19.36 19.51 19.46 22 42 55.23 -01 09 24.8 20.33 20.15 19.80 20.01 19.97
SDSSJ2300-0010A SDSSJ2300-0008B 1.893 1.885 129.5  -800 783.0   33.7 23 00 09.10 -00 10 01.7 19.61 19.60 19.57 19.21 19.26 23 00 13.83 -00 08 13.4 19.98 19.97 20.00 19.80 20.02
SDSSJ2313+0009A SDSSJ2313+0007B 1.379 1.385 117.2   730 706.4   23.7 23 13 12.48 +00 09 12.7 18.87 19.95 19.69 19.64 19.59 23 13 14.58 +00 07 19.8 19.30 20.31 19.87 19.83 19.81
SDSSJ2325+0056A SDSSJ2325+0057B 1.962 1.944 147.6 -1840 890.1  122.0 23 25 46.71 +00 56 10.7 19.30 19.43 19.46 19.29 19.01 23 25 38.02 +00 57 20.0 20.77 20.65 20.40 20.04 19.89
SDSSJ2346+0103A SDSSJ2346+0104B 1.999 1.995 113.9  -440 685.5    2.2 23 46 08.86 +01 03 57.0 20.34 20.27 20.24 19.96 19.77 23 46 01.91 +01 04 42.8 20.63 20.47 20.44 20.22 19.91
SDSSJ2352-0027A SDSSJ2352-0027B 0.891 0.880 155.5 -1750 859.9   91.2 23 52 29.93 -00 27 02.5 18.71 18.64 18.62 18.70 18.72 23 52 20.20 -00 27 56.0 19.72 19.50 19.31 19.22 19.17
